500 20 910 5 2000
10 61 347 462 357 442 330 464 464 300 358 218 246 167 16 224 425 312 442 229 294 241 324 114 153 40 76 28 447 28 244 31 291 102 428 128 293 326 172 439 137 308 486 187 415 400 57 282 303 407 380 32 64 486 22 479 164 32 140 199 374 159 366 401 301 60 458 77 397 230 25 264 170 140 59 53 112 408 67 93 134 99 102 11 33 62 263 268 75 84 448 13 214 388 159 69 234 193 206 473 380 198 118 56 59 195 45 408 474 365 106 369 206 426 125 155 260 261 422 282 320 495 367 356 437 228 147 275 39 380 212 186 98 374 116 498 207 96 65 16 346 10 278 429 73 159 411 304 356 364 187 134 401 351 310 389 114 322 27 74 10 268 43 131 259 69 102 170 46 486 14 206 154 429 133 132 422 82 15 384 115 285 202 341 395 126 416 354 381 252 205 442 460 455 439 30 448 224 241 184 436 138 313 289 242 358 57 413 416 291 382 85 168 22 311 12 293 24 178 183 295 296 180 330 58 462 135 410 121 186 203 380 296 83 99 149 334 112 321 218 359 153 253 29 257 363 374 414 466 130 444 234 461 478 359 79 59 61 385 261 418 321 305 26 388 115 412 80 383 291 267 291 301 229 205 93 275 345 422 465 277 445 299 281 332 390 214 375 455 110 129 13 99 100 495 319 197 175 321 372 220 334 477 454 230 485 358 191 237 61 121 480 90 254 98 408 43 448 480 173 313 20 148 425 491 297 119 239 329 83 421 178 492 22 232 251 125 258 178 230 469 38 82 373 317 26 359 198 489 312 257 125 258 231 196 435 131 42 25 248 294 109 53 489 343 284 47 27 344 83 78 196 79 422 338 106 244 26 82 17 410 155 446 298 232 189 42 70 151 337 461 176 424 156 33 222 258 73 177 143 377 43 382 75 334 66 198 304 189 167 353 376 143 367 143 373 90 99 377 89 177 82 14 440 400 296 198 355 179 216 22 499 204 125 183 102 56 187 394 310 342 197 310 34 373 116 308 29 198 448 396 393 196 116 471 221 133 121 470 47 163 354 151 32 423 260 259 344 37 215 273 124 337 227 114 389 417 53 379 78 131 420 161 401 220 402 425 264 279 272 472 221 154 361 490 125 124 32 434 276
405 2
0 334
3 224
171 1
2 20
488 2
1 461
4 463
804 2
0 202
3 448
782 1
2 273
253 2
1 98
4 79
213 2
0 74
3 17
799 1
2 295
690 2
1 224
4 113
880 2
0 8
3 123
343 1
2 131
741 2
1 205
4 50
663 2
0 294
3 419
330 1
2 84
945 2
1 47
4 39
577 2
0 229
3 280
868 1
2 262
773 2
1 68
4 153
720 2
0 244
3 264
182 1
2 105
9 0 979
20 0 87
31 0 830
42 0 598
53 0 838
64 0 321
75 0 624
86 0 658
97 0 120
108 0 606
119 0 749
130 0 568
141 0 249
152 0 267
163 0 61
174 0 261
185 0 875
196 0 981
207 0 266
218 0 978
229 0 468
240 0 207
251 0 369
262 0 792
273 0 125
284 0 360
295 0 827
306 0 848
317 0 161
328 0 135
339 0 839
350 0 437
361 0 703
372 0 518
383 0 985
394 0 131
405 0 446
416 0 775
427 0 317
438 0 837
449 0 267
460 0 768
471 0 639
482 0 35
493 0 184
0 1 52
11 1 484
22 1 528
33 1 617
44 1 730
55 1 248
66 1 819
77 1 326
88 1 80
99 1 14
110 1 963
121 1 670
132 1 757
143 1 686
154 1 581
165 1 202
176 1 215
187 1 187
198 1 721
209 1 420
220 1 321
231 1 143
242 1 4
253 1 552
264 1 727
275 1 926
286 1 116
297 1 700
308 1 930
319 1 294
330 1 741
341 1 210
352 1 533
363 1 195
374 1 461
385 1 668
396 1 231
407 1 498
418 1 657
429 1 593
440 1 391
451 1 312
462 1 202
473 1 960
484 1 174
495 1 115
2 2 88
13 2 357
24 2 54
35 2 838
46 2 832
57 2 784
68 2 420
79 2 654
90 2 550
101 2 413
112 2 87
123 2 163
134 2 100
145 2 200
156 2 333
167 2 907
178 2 301
189 2 51
200 2 283
211 2 17
222 2 850
233 2 940
244 2 256
255 2 321
266 2 988
277 2 37
288 2 740
299 2 734
310 2 870
321 2 86
332 2 176
343 2 536
354 2 377
365 2 496
376 2 606
387 2 422
398 2 873
409 2 169
420 2 238
431 2 924
442 2 901
453 2 859
464 2 62
475 2 567
486 2 730
497 2 950
4 3 608
15 3 155
26 3 878
37 3 992
48 3 431
59 3 319
70 3 486
81 3 62
92 3 136
103 3 785
114 3 971
125 3 736
136 3 987
147 3 588
158 3 650
169 3 297
180 3 163
191 3 493
202 3 477
213 3 518
224 3 615
235 3 99
246 3 754
257 3 95
268 3 955
279 3 812
290 3 78
301 3 21
312 3 84
323 3 976
334 3 803
345 3 434
356 3 637
367 3 185
378 3 827
389 3 316
400 3 660
411 3 829
422 3 164
433 3 111
444 3 844
455 3 42
466 3 787
477 3 733
488 3 120
499 3 285
6 4 996
17 4 942
28 4 178
39 4 652
50 4 746
61 4 134
72 4 139
83 4 40
94 4 628
105 4 922
116 4 407
127 4 701
138 4 157
149 4 59
160 4 166
171 4 78
182 4 79
193 4 715
204 4 464
215 4 667
226 4 991
237 4 33
248 4 489
259 4 775
270 4 307
281 4 553
292 4 925
303 4 654
314 4 814
325 4 99
336 4 519
347 4 282
358 4 868
369 4 241
380 4 376
391 4 880
402 4 95
413 4 539
424 4 305
435 4 676
446 4 910
457 4 980
468 4 526
479 4 153
490 4 85
8 5 917
19 5 399
30 5 369
41 5 338
52 5 629
63 5 195
74 5 119
85 5 38
96 5 208
107 5 637
118 5 378
129 5 772
140 5 911
151 5 593
162 5 673
173 5 413
184 5 609
195 5 154
206 5 80
217 5 65
228 5 445
239 5 243
250 5 289
261 5 253
272 5 224
283 5 630
294 5 865
305 5 392
316 5 166
327 5 911
338 5 582
349 5 978
360 5 421
371 5 393
382 5 450
393 5 913
404 5 534
415 5 570
426 5 603
437 5 639
448 5 524
459 5 936
470 5 616
481 5 750
492 5 317
10 6 673
21 6 947
32 6 750
43 6 645
54 6 424
65 6 680
76 6 93
87 6 799
98 6 607
109 6 445
120 6 441
131 6 826
142 6 671
153 6 779
164 6 305
175 6 197
186 6 843
197 6 76
208 6 774
219 6 849
230 6 332
241 6 230
252 6 156
263 6 369
274 6 158
285 6 896
296 6 648
307 6 520
318 6 554
329 6 220
340 6 521
351 6 263
362 6 745
373 6 824
384 6 386
395 6 66
406 6 334
417 6 954
428 6 504
439 6 428
450 6 686
461 6 779
472 6 992
483 6 669
494 6 499
1 7 728
12 7 739
23 7 632
34 7 13
45 7 906
56 7 850
67 7 694
78 7 45
89 7 701
100 7 339
111 7 712
122 7 60
133 7 900
144 7 441
155 7 450
166 7 93
177 7 168
188 7 784
199 7 991
210 7 331
221 7 261
232 7 308
243 7 662
254 7 856
265 7 764
276 7 144
287 7 756
298 7 23
309 7 774
320 7 311
331 7 390
342 7 51
353 7 926
364 7 716
375 7 548
386 7 619
397 7 134
408 7 807
419 7 837
430 7 406
441 7 674
452 7 93
463 7 87
474 7 177
485 7 408
496 7 735
3 8 315
14 8 576
25 8 929
36 8 86
47 8 536
58 8 669
69 8 769
80 8 304
91 8 75
102 8 806
113 8 481
124 8 304
135 8 344
146 8 306
157 8 865
168 8 293
179 8 690
190 8 219
201 8 51
212 8 27
223 8 538
234 8 742
245 8 281
256 8 297
267 8 343
278 8 872
289 8 951
300 8 1
311 8 290
322 8 701
333 8 840
344 8 143
355 8 7
366 8 608
377 8 900
388 8 191
399 8 475
410 8 811
421 8 427
432 8 231
443 8 900
454 8 240
465 8 958
476 8 686
487 8 293
498 8 465
5 9 386
16 9 749
27 9 435
38 9 247
49 9 151
60 9 575
71 9 424
82 9 336
93 9 828
104 9 261
115 9 423
126 9 735
137 9 980
148 9 479
159 9 924
170 9 387
181 9 513
192 9 601
203 9 391
214 9 189
225 9 492
236 9 89
247 9 409
258 9 923
269 9 858
280 9 6
291 9 210
302 9 302
313 9 969
324 9 719
335 9 462
346 9 485
357 9 843
368 9 633
379 9 850
390 9 677
401 9 84
412 9 811
423 9 2
434 9 290
445 9 732
456 9 584
467 9 794
478 9 398
489 9 8
7 10 361
18 10 77
29 10 949
40 10 389
51 10 397
62 10 456
73 10 376
84 10 172
95 10 599
106 10 368
117 10 607
128 10 142
139 10 497
150 10 831
161 10 697
172 10 954
183 10 463
194 10 190
205 10 313
216 10 244
227 10 980
238 10 781
249 10 94
260 10 442
271 10 466
282 10 270
293 10 448
304 10 316
315 10 830
326 10 410
337 10 311
348 10 113
359 10 437
370 10 874
381 10 113
392 10 241
403 10 516
414 10 933
425 10 745
436 10 423
447 10 829
458 10 84
469 10 728
480 10 308
491 10 342
9 11 32
20 11 58
31 11 74
42 11 182
53 11 350
64 11 623
75 11 945
86 11 258
97 11 338
108 11 540
119 11 900
130 11 138
141 11 74
152 11 500
163 11 130
174 11 40
185 11 372
196 11 319
207 11 869
218 11 810
229 11 813
240 11 427
251 11 17
262 11 827
273 11 277
284 11 178
295 11 881
306 11 812
317 11 146
328 11 814
339 11 524
350 11 758
361 11 362
372 11 689
383 11 873
394 11 166
405 11 285
416 11 842
427 11 640
438 11 582
449 11 48
460 11 705
471 11 581
482 11 66
493 11 189
0 12 564
11 12 690
22 12 97
33 12 88
44 12 886
55 12 263
66 12 849
77 12 935
88 12 577
99 12 530
110 12 816
121 12 548
132 12 124
143 12 966
154 12 749
165 12 491
176 12 14
187 12 410
198 12 990
209 12 721
220 12 307
231 12 106
242 12 488
253 12 630
264 12 188
275 12 301
286 12 409
297 12 506
308 12 594
319 12 11
330 12 107
341 12 511
352 12 852
363 12 418
374 12 257
385 12 389
396 12 319
407 12 436
418 12 68
429 12 280
440 12 232
451 12 259
462 12 563
473 12 604
484 12 389
495 12 588
2 13 895
13 13 249
24 13 526
35 13 807
46 13 302
57 13 247
68 13 820
79 13 710
90 13 879
101 13 974
112 13 997
123 13 26
134 13 85
145 13 78
156 13 758
167 13 883
178 13 787
189 13 458
200 13 767
211 13 343
222 13 338
233 13 435
244 13 125
255 13 320
266 13 679
277 13 375
288 13 851
299 13 563
310 13 426
321 13 282
332 13 228
343 13 80
354 13 957
365 13 749
376 13 504
387 13 684
398 13 543
409 13 92
420 13 138
431 13 249
442 13 602
453 13 140
464 13 625
475 13 810
486 13 131
497 13 141
4 14 287
15 14 368
26 14 260
37 14 93
48 14 328
59 14 158
70 14 176
81 14 533
92 14 588
103 14 832
114 14 317
125 14 729
136 14 890
147 14 261
158 14 451
169 14 64
180 14 935
191 14 728
202 14 59
213 14 327
224 14 941
235 14 365
246 14 786
257 14 776
268 14 470
279 14 443
290 14 975
301 14 679
312 14 93
323 14 952
334 14 31
345 14 675
356 14 93
367 14 547
378 14 612
389 14 370
400 14 93
411 14 225
422 14 315
433 14 596
444 14 453
455 14 876
466 14 272
477 14 678
488 14 923
499 14 400
6 15 490
17 15 312
28 15 161
39 15 599
50 15 626
61 15 238
72 15 590
83 15 506
94 15 388
105 15 551
116 15 604
127 15 920
138 15 90
149 15 440
160 15 516
171 15 36
182 15 151
193 15 129
204 15 319
215 15 252
226 15 721
237 15 759
248 15 721
259 15 434
270 15 184
281 15 659
292 15 430
303 15 759
314 15 50
325 15 664
336 15 615
347 15 143
358 15 19
369 15 451
380 15 308
391 15 247
402 15 521
413 15 861
424 15 711
435 15 650
446 15 94
457 15 141
468 15 234
479 15 134
490 15 584
8 16 475
19 16 70
30 16 732
41 16 445
52 16 284
63 16 916
74 16 815
85 16 807
96 16 155
107 16 493
118 16 156
129 16 22
140 16 149
151 16 474
162 16 936
173 16 382
184 16 880
195 16 745
206 16 935
217 16 172
228 16 676
239 16 62
250 16 285
261 16 685
272 16 50
283 16 581
294 16 699
305 16 332
316 16 631
327 16 652
338 16 814
349 16 268
360 16 67
371 16 351
382 16 72
393 16 470
404 16 718
415 16 106
426 16 827
437 16 25
448 16 302
459 16 245
470 16 374
481 16 432
492 16 965
10 17 42
21 17 766
32 17 34
43 17 781
54 17 427
65 17 177
76 17 936
87 17 599
98 17 113
109 17 2
120 17 168
131 17 900
142 17 550
153 17 959
164 17 992
175 17 960
186 17 419
197 17 767
208 17 272
219 17 820
230 17 392
241 17 233
252 17 199
263 17 167
274 17 544
285 17 964
296 17 362
307 17 807
318 17 487
329 17 409
340 17 239
351 17 651
362 17 735
373 17 66
384 17 756
395 17 644
406 17 895
417 17 477
428 17 475
439 17 14
450 17 696
461 17 817
472 17 765
483 17 708
494 17 828
1 18 844
12 18 935
23 18 257
34 18 967
45 18 111
56 18 249
67 18 818
78 18 174
89 18 319
100 18 349
111 18 680
122 18 118
133 18 313
144 18 499
155 18 200
166 18 441
177 18 344
188 18 535
199 18 433
210 18 915
221 18 673
232 18 635
243 18 88
254 18 90
265 18 339
276 18 294
287 18 419
298 18 903
309 18 267
320 18 187
331 18 933
342 18 586
353 18 925
364 18 332
375 18 258
386 18 366
397 18 1
408 18 444
419 18 306
430 18 852
441 18 833
452 18 644
463 18 618
474 18 639
485 18 544
496 18 679
3 19 787
14 19 826
25 19 746
36 19 279
47 19 858
58 19 628
69 19 104
80 19 701
91 19 955
102 19 920
113 19 454
124 19 775
135 19 408
146 19 505
157 19 381
168 19 9
179 19 197
190 19 130
201 19 793
212 19 487
223 19 146
234 19 938
245 19 224
256 19 130
267 19 362
278 19 822
289 19 339
300 19 375
311 19 831
322 19 922
333 19 355
344 19 791
355 19 515
366 19 376
377 19 255
388 19 89
399 19 201
410 19 655
421 19 451
432 19 202
443 19 248
454 19 22
465 19 691
476 19 790
487 19 283
498 19 14