500 20 2265 5 2000
436 183 434 192 254 380 406 463 399 136 390 187 156 46 150 234 348 493 420 400 325 427 464 366 409 102 89 338 493 306 327 200 467 453 206 214 270 326 324 297 207 177 386 343 171 343 400 245 286 439 495 329 190 360 148 449 236 365 403 282 76 490 195 134 193 197 357 338 47 271 13 204 145 316 461 68 236 271 168 305 59 280 238 432 399 177 108 372 320 468 420 278 153 180 153 123 109 213 322 253 15 185 407 179 320 50 146 149 57 291 53 337 196 122 169 387 51 496 219 385 458 391 44 60 419 67 74 166 179 397 200 108 357 497 201 472 377 90 105 358 233 72 482 87 197 71 236 235 38 276 352 351 354 122 213 165 137 45 141 358 367 170 160 299 444 211 32 276 40 92 26 403 365 395 100 198 406 61 315 228 257 91 104 74 118 133 418 234 138 10 492 443 310 113 180 98 349 216 157 10 500 74 299 473 82 456 416 130 338 164 40 316 38 21 10 348 125 430 22 281 168 296 156 78 172 419 184 16 484 298 398 479 466 199 117 123 149 286 410 250 485 422 39 165 460 106 199 84 268 462 425 322 340 268 342 308 58 235 311 325 417 254 116 496 145 69 139 10 295 102 492 483 451 445 148 189 23 266 182 320 427 381 426 19 41 455 112 377 442 262 408 360 100 424 428 176 149 55 23 182 92 296 495 252 157 15 486 227 20 260 204 433 272 247 335 128 453 145 468 46 145 280 149 163 347 314 193 102 322 454 326 93 301 179 66 158 151 345 378 135 141 14 436 293 318 422 445 419 143 234 397 158 188 329 125 35 201 334 487 53 247 401 272 59 352 413 163 107 102 235 108 238 465 12 470 361 60 161 483 241 257 54 489 178 207 495 188 109 293 43 487 106 469 129 208 61 174 48 166 272 213 353 268 118 249 154 197 196 80 52 482 400 53 369 468 382 311 434 313 11 241 315 126 30 430 259 356 229 421 412 270 255 417 228 401 445 152 269 46 131 76 188 437 444 496 119 296 61 246 363 213 31 185 125 243 268 427 289 275 220 229 278 442 81 216 157 343 248 438 435 394 172 374 158 262 64 484 271 321 102 368 199 326 254 38 110 166 250 299 340 20 282 489 22 109 342 248 147 50 468
601 4
0 23
2 342
3 234
4 364
912 4
0 440
1 74
3 328
4 313
791 5
0 155
1 440
2 273
3 74
4 477
546 5
0 103
1 122
2 187
3 443
4 476
123 4
0 56
1 9
2 99
3 28
541 5
0 272
1 285
2 465
3 201
4 423
804 5
0 93
1 286
2 94
3 252
4 223
406 5
0 117
1 228
2 280
3 290
4 3
963 4
0 55
1 302
3 288
4 13
975 4
1 106
2 149
3 306
4 186
224 4
0 61
1 176
2 197
4 99
462 4
0 364
1 37
2 220
3 423
896 4
1 205
2 225
3 115
4 409
760 4
1 76
2 383
3 173
4 431
715 4
0 58
2 104
3 351
4 285
297 3
2 96
3 292
4 4
756 3
0 223
1 250
3 305
627 4
0 30
1 410
3 85
4 192
716 5
0 470
1 230
2 396
3 190
4 35
353 2
1 204
2 70
1 0 346
2 0 303
5 0 306
8 0 282
10 0 272
12 0 289
13 0 275
14 0 308
17 0 300
19 0 299
24 0 265
27 0 238
33 0 247
36 0 250
37 0 266
39 0 265
44 0 277
46 0 249
49 0 237
50 0 237
51 0 220
54 0 260
55 0 217
56 0 234
65 0 236
66 0 229
68 0 258
71 0 226
72 0 217
73 0 203
74 0 217
80 0 235
87 0 216
88 0 214
89 0 198
93 0 200
94 0 192
95 0 250
96 0 169
100 0 206
104 0 190
105 0 206
106 0 196
113 0 183
114 0 162
116 0 175
117 0 157
122 0 165
125 0 173
130 0 166
131 0 168
132 0 174
134 0 146
136 0 143
138 0 155
139 0 177
141 0 157
143 0 169
145 0 169
146 0 163
153 0 126
154 0 131
163 0 141
166 0 126
169 0 143
172 0 116
177 0 142
184 0 113
190 0 96
193 0 109
195 0 116
200 0 115
205 0 107
206 0 109
207 0 93
212 0 89
220 0 101
238 0 87
240 0 83
245 0 83
257 0 69
264 0 67
273 0 48
274 0 65
275 0 54
276 0 50
281 0 64
282 0 64
284 0 47
288 0 42
290 0 61
294 0 62
307 0 42
327 0 28
329 0 38
342 0 23
345 0 32
347 0 30
350 0 30
364 0 16
372 0 17
379 0 27
381 0 18
403 0 8
433 0 7
448 0 5
452 0 5
456 0 3
461 0 5
464 0 3
471 0 3
481 0 1
483 0 1
484 0 1
485 0 2
492 0 1
495 0 1
0 1 306
3 1 316
5 1 276
6 1 287
7 1 297
10 1 288
16 1 295
17 1 304
25 1 261
27 1 312
28 1 248
29 1 317
32 1 215
35 1 228
37 1 281
38 1 276
39 1 258
41 1 263
44 1 253
45 1 222
47 1 246
48 1 242
50 1 236
53 1 253
55 1 239
57 1 240
61 1 234
64 1 202
66 1 242
68 1 218
69 1 241
70 1 219
71 1 214
73 1 214
74 1 205
75 1 226
79 1 208
80 1 211
81 1 206
82 1 210
83 1 204
88 1 186
91 1 195
93 1 215
95 1 204
104 1 182
105 1 185
107 1 205
110 1 185
111 1 166
117 1 185
120 1 186
123 1 154
124 1 192
134 1 172
141 1 151
144 1 142
146 1 139
150 1 165
151 1 139
152 1 162
153 1 162
157 1 176
160 1 143
161 1 137
170 1 113
171 1 125
172 1 119
173 1 111
175 1 130
176 1 135
178 1 118
185 1 134
186 1 132
187 1 112
193 1 116
194 1 120
195 1 123
201 1 136
214 1 108
216 1 94
218 1 104
222 1 93
223 1 111
239 1 74
244 1 75
249 1 77
251 1 77
257 1 75
258 1 63
261 1 54
262 1 70
265 1 48
278 1 58
280 1 68
284 1 59
286 1 63
287 1 46
296 1 47
298 1 59
314 1 41
317 1 44
324 1 45
326 1 47
327 1 36
335 1 32
342 1 41
345 1 33
347 1 40
349 1 24
353 1 31
357 1 23
371 1 21
372 1 15
382 1 34
389 1 11
395 1 12
399 1 10
421 1 10
430 1 6
436 1 4
438 1 3
439 1 5
445 1 7
452 1 9
458 1 3
469 1 1
478 1 2
486 1 1
0 2 346
5 2 272
6 2 319
8 2 304
12 2 285
13 2 298
15 2 308
18 2 278
24 2 268
25 2 290
26 2 274
29 2 279
30 2 283
31 2 234
32 2 275
35 2 269
41 2 248
45 2 242
46 2 250
48 2 256
50 2 242
53 2 265
54 2 279
56 2 240
58 2 241
59 2 239
60 2 253
62 2 233
66 2 239
71 2 232
73 2 222
74 2 205
76 2 210
79 2 224
84 2 192
85 2 188
91 2 199
93 2 191
94 2 191
96 2 195
99 2 199
101 2 186
112 2 196
113 2 191
114 2 150
116 2 186
119 2 166
122 2 199
125 2 158
127 2 175
128 2 157
136 2 164
137 2 162
139 2 158
140 2 153
144 2 156
148 2 161
150 2 158
151 2 151
158 2 147
163 2 144
164 2 145
170 2 117
171 2 152
175 2 139
176 2 130
177 2 126
179 2 129
180 2 128
181 2 107
183 2 135
184 2 112
190 2 99
192 2 146
194 2 101
195 2 124
196 2 116
200 2 120
211 2 105
213 2 103
214 2 119
218 2 105
219 2 89
226 2 96
227 2 69
231 2 95
236 2 81
245 2 81
246 2 83
247 2 69
250 2 88
254 2 75
262 2 60
264 2 63
268 2 65
274 2 64
279 2 52
281 2 55
287 2 62
289 2 61
291 2 49
294 2 56
295 2 68
296 2 46
299 2 52
306 2 45
312 2 36
318 2 48
319 2 37
326 2 30
329 2 43
341 2 39
342 2 28
343 2 24
345 2 35
350 2 26
356 2 24
361 2 27
381 2 12
400 2 14
407 2 14
408 2 13
422 2 9
442 2 7
469 2 2
470 2 2
479 2 2
489 2 1
498 2 1
0 3 315
1 3 295
3 3 300
4 3 303
6 3 329
8 3 280
9 3 306
10 3 279
12 3 292
15 3 292
16 3 295
18 3 266
20 3 273
22 3 311
23 3 266
25 3 274
26 3 264
27 3 240
29 3 273
31 3 236
33 3 251
36 3 271
40 3 266
41 3 267
45 3 264
46 3 226
47 3 228
51 3 232
53 3 221
54 3 236
55 3 230
57 3 223
58 3 268
61 3 238
63 3 266
64 3 215
66 3 230
68 3 224
77 3 224
82 3 237
84 3 201
85 3 208
90 3 195
94 3 209
96 3 196
97 3 183
102 3 186
104 3 184
113 3 189
116 3 151
122 3 167
124 3 163
138 3 147
139 3 165
140 3 166
147 3 152
148 3 162
150 3 144
153 3 144
154 3 135
159 3 153
166 3 130
168 3 153
169 3 107
171 3 132
173 3 117
175 3 124
176 3 128
184 3 113
186 3 112
189 3 121
192 3 109
197 3 111
198 3 108
199 3 110
205 3 94
206 3 91
208 3 115
215 3 119
221 3 87
224 3 101
230 3 76
232 3 97
235 3 101
237 3 100
251 3 73
252 3 66
253 3 74
257 3 85
258 3 68
262 3 65
263 3 85
271 3 62
280 3 70
283 3 60
292 3 47
297 3 50
300 3 62
304 3 40
316 3 38
338 3 40
343 3 33
353 3 27
363 3 34
364 3 26
373 3 22
387 3 16
389 3 12
390 3 24
395 3 15
413 3 10
415 3 8
416 3 8
432 3 7
434 3 7
439 3 5
440 3 4
442 3 6
453 3 6
454 3 4
485 3 1
493 3 1
6 4 299
7 4 293
9 4 293
10 4 301
14 4 275
18 4 270
19 4 296
22 4 270
24 4 290
28 4 212
29 4 258
31 4 300
33 4 250
34 4 271
35 4 240
36 4 234
40 4 248
41 4 258
42 4 248
43 4 256
45 4 251
50 4 247
52 4 251
53 4 229
54 4 233
65 4 221
67 4 243
72 4 202
76 4 207
79 4 196
81 4 235
82 4 249
85 4 195
86 4 227
87 4 193
89 4 192
90 4 208
91 4 202
93 4 193
96 4 224
98 4 213
100 4 205
101 4 186
103 4 193
105 4 190
107 4 171
109 4 203
113 4 184
117 4 154
119 4 189
123 4 179
125 4 189
128 4 150
130 4 183
137 4 157
141 4 162
151 4 151
156 4 140
159 4 134
160 4 146
161 4 156
165 4 132
181 4 131
183 4 106
184 4 130
187 4 129
202 4 96
221 4 100
222 4 86
224 4 109
227 4 96
228 4 78
230 4 81
232 4 90
234 4 71
237 4 77
240 4 77
251 4 83
257 4 70
258 4 71
276 4 71
281 4 66
283 4 40
287 4 56
291 4 56
292 4 64
300 4 50
302 4 59
319 4 37
342 4 27
345 4 35
354 4 19
356 4 21
357 4 28
358 4 25
360 4 25
362 4 28
366 4 20
371 4 14
373 4 22
385 4 21
394 4 15
401 4 16
408 4 18
411 4 12
422 4 10
425 4 9
441 4 6
447 4 6
464 4 4
466 4 4
0 5 287
2 5 292
4 5 289
6 5 270
7 5 287
11 5 292
12 5 263
13 5 296
14 5 309
17 5 276
19 5 299
20 5 260
22 5 280
23 5 246
24 5 260
25 5 252
27 5 261
28 5 272
29 5 277
30 5 251
38 5 255
39 5 289
43 5 239
44 5 239
47 5 240
55 5 214
56 5 252
57 5 254
64 5 219
69 5 232
72 5 210
73 5 200
74 5 206
82 5 222
83 5 224
90 5 162
93 5 212
94 5 215
98 5 202
100 5 193
108 5 171
110 5 192
114 5 186
119 5 178
120 5 175
123 5 159
127 5 162
131 5 152
132 5 157
133 5 157
135 5 176
137 5 175
138 5 152
140 5 168
141 5 158
143 5 149
149 5 151
155 5 132
160 5 138
163 5 122
164 5 150
165 5 137
166 5 138
168 5 151
169 5 144
172 5 127
173 5 138
178 5 124
180 5 133
187 5 112
188 5 120
196 5 113
202 5 121
206 5 95
208 5 124
210 5 102
219 5 114
220 5 104
221 5 97
223 5 99
236 5 89
238 5 83
242 5 76
243 5 79
248 5 97
250 5 88
253 5 76
255 5 52
257 5 77
258 5 80
261 5 61
272 5 73
283 5 59
293 5 56
298 5 44
308 5 51
309 5 61
320 5 45
321 5 36
330 5 34
347 5 31
362 5 24
364 5 24
380 5 14
386 5 16
387 5 19
388 5 18
394 5 12
398 5 20
404 5 11
406 5 16
414 5 12
415 5 9
416 5 12
417 5 16
427 5 8
435 5 5
448 5 3
450 5 3
461 5 3
462 5 2
476 5 3
485 5 1
490 5 2
0 6 291
15 6 292
18 6 280
20 6 257
22 6 281
26 6 309
29 6 290
34 6 259
36 6 260
38 6 266
43 6 243
47 6 280
48 6 243
49 6 255
50 6 247
53 6 237
59 6 204
62 6 229
63 6 231
64 6 227
68 6 238
72 6 233
76 6 199
78 6 225
79 6 222
83 6 219
85 6 211
86 6 218
92 6 225
102 6 189
109 6 201
112 6 183
114 6 177
120 6 171
121 6 189
123 6 183
128 6 159
129 6 159
136 6 170
138 6 140
139 6 143
148 6 158
153 6 164
154 6 133
156 6 162
157 6 165
158 6 121
160 6 116
162 6 129
168 6 140
173 6 133
174 6 146
175 6 120
181 6 135
184 6 123
188 6 97
189 6 131
194 6 116
198 6 94
206 6 91
209 6 104
214 6 112
215 6 97
218 6 89
228 6 102
229 6 102
237 6 73
238 6 90
245 6 65
249 6 72
251 6 79
260 6 85
269 6 56
273 6 69
275 6 52
294 6 50
295 6 50
296 6 52
299 6 64
300 6 53
301 6 48
314 6 32
318 6 41
320 6 44
322 6 52
335 6 38
340 6 30
341 6 26
343 6 24
346 6 30
360 6 26
365 6 26
379 6 15
387 6 18
390 6 18
396 6 10
400 6 15
414 6 9
422 6 9
496 6 1
0 7 342
1 7 310
2 7 281
4 7 302
8 7 277
10 7 321
11 7 297
13 7 264
15 7 274
17 7 306
20 7 273
23 7 284
27 7 282
30 7 263
31 7 275
34 7 300
35 7 294
36 7 245
39 7 265
40 7 247
43 7 257
51 7 240
53 7 247
54 7 255
59 7 228
64 7 227
67 7 241
70 7 229
75 7 221
79 7 230
81 7 224
82 7 228
83 7 217
92 7 207
103 7 185
107 7 184
108 7 191
115 7 197
116 7 168
123 7 185
124 7 170
125 7 190
127 7 179
136 7 156
138 7 166
140 7 191
148 7 123
152 7 123
153 7 137
155 7 150
156 7 158
157 7 147
162 7 122
163 7 127
164 7 159
166 7 129
168 7 132
174 7 113
179 7 127
183 7 97
188 7 133
190 7 106
195 7 103
196 7 115
200 7 112
207 7 110
214 7 97
218 7 109
219 7 99
221 7 97
223 7 86
225 7 105
230 7 91
236 7 95
251 7 83
257 7 81
258 7 73
261 7 67
269 7 57
270 7 66
274 7 76
282 7 66
286 7 53
288 7 43
292 7 51
305 7 50
308 7 52
310 7 42
312 7 42
316 7 38
319 7 48
326 7 52
327 7 51
333 7 33
338 7 29
339 7 39
361 7 28
362 7 27
366 7 23
368 7 18
379 7 21
392 7 12
393 7 12
400 7 13
409 7 8
411 7 9
420 7 13
424 7 12
437 7 4
449 7 3
459 7 1
461 7 1
464 7 2
472 7 6
484 7 2
486 7 1
4 8 300
6 8 301
10 8 300
12 8 284
13 8 298
15 8 287
16 8 282
17 8 276
18 8 283
19 8 274
21 8 278
23 8 272
27 8 248
33 8 255
38 8 258
40 8 223
48 8 211
57 8 217
62 8 250
63 8 257
67 8 231
72 8 205
76 8 206
81 8 215
82 8 218
88 8 212
92 8 161
95 8 200
96 8 199
97 8 226
101 8 198
108 8 191
109 8 182
121 8 186
125 8 150
126 8 172
127 8 163
129 8 138
135 8 175
136 8 182
139 8 153
140 8 149
141 8 181
142 8 183
148 8 151
149 8 146
151 8 135
154 8 139
161 8 142
169 8 121
170 8 139
172 8 138
175 8 113
176 8 117
177 8 115
180 8 119
184 8 130
185 8 125
188 8 119
189 8 134
190 8 108
199 8 110
201 8 106
202 8 84
206 8 93
212 8 93
213 8 100
217 8 96
225 8 104
226 8 102
229 8 88
232 8 83
251 8 73
260 8 75
262 8 94
273 8 55
276 8 64
278 8 77
283 8 71
297 8 57
306 8 50
312 8 39
316 8 47
317 8 39
325 8 40
326 8 34
336 8 39
343 8 28
349 8 37
362 8 35
366 8 24
367 8 25
372 8 21
386 8 11
397 8 15
400 8 21
405 8 9
434 8 9
462 8 2
466 8 4
492 8 1
3 9 313
5 9 309
7 9 272
9 9 301
11 9 301
13 9 298
14 9 261
16 9 275
18 9 273
19 9 279
21 9 268
25 9 269
27 9 279
33 9 254
36 9 259
37 9 247
38 9 256
41 9 246
42 9 253
43 9 256
45 9 235
46 9 249
48 9 242
51 9 255
63 9 225
65 9 225
67 9 230
70 9 229
75 9 239
78 9 204
79 9 265
82 9 222
83 9 198
84 9 206
86 9 193
87 9 201
90 9 220
93 9 208
94 9 204
95 9 200
99 9 192
101 9 209
102 9 196
106 9 167
111 9 161
112 9 176
113 9 187
114 9 163
118 9 206
120 9 194
125 9 165
127 9 191
128 9 170
130 9 163
133 9 153
135 9 149
137 9 159
144 9 188
155 9 164
157 9 144
158 9 149
160 9 149
165 9 141
168 9 147
171 9 144
172 9 131
173 9 141
175 9 124
180 9 114
186 9 128
188 9 105
190 9 117
192 9 125
202 9 97
204 9 87
206 9 103
209 9 109
217 9 95
218 9 104
220 9 106
222 9 90
224 9 81
232 9 105
233 9 88
238 9 76
263 9 75
265 9 65
268 9 83
271 9 80
274 9 71
275 9 58
280 9 53
281 9 66
284 9 59
290 9 58
293 9 57
297 9 48
298 9 46
309 9 37
334 9 25
346 9 30
349 9 33
353 9 28
358 9 30
359 9 32
362 9 21
364 9 19
369 9 22
386 9 16
388 9 21
391 9 16
417 9 12
419 9 18
425 9 9
432 9 5
435 9 6
439 9 9
450 9 2
455 9 3
457 9 1
481 9 2
492 9 1
3 10 290
6 10 277
11 10 289
12 10 279
15 10 292
17 10 272
18 10 283
22 10 283
23 10 281
25 10 308
26 10 288
29 10 241
32 10 250
35 10 257
38 10 250
42 10 234
43 10 270
44 10 253
46 10 252
48 10 257
51 10 238
54 10 243
57 10 209
60 10 233
61 10 222
62 10 222
67 10 200
73 10 195
77 10 208
78 10 224
81 10 212
83 10 214
85 10 185
87 10 209
89 10 193
90 10 192
93 10 176
94 10 198
96 10 195
97 10 191
100 10 204
102 10 198
104 10 179
106 10 199
108 10 204
117 10 185
118 10 175
135 10 140
137 10 152
139 10 148
144 10 159
154 10 138
158 10 137
162 10 138
166 10 144
170 10 142
180 10 123
192 10 125
193 10 111
196 10 111
201 10 120
207 10 103
208 10 104
211 10 85
214 10 91
220 10 87
235 10 91
242 10 87
244 10 70
246 10 76
254 10 81
255 10 76
261 10 78
265 10 68
266 10 66
293 10 54
303 10 48
305 10 56
310 10 54
316 10 35
319 10 33
320 10 37
321 10 33
324 10 30
326 10 42
329 10 35
334 10 31
344 10 25
353 10 22
354 10 27
356 10 28
368 10 26
379 10 17
407 10 13
421 10 8
427 10 6
428 10 8
447 10 9
454 10 2
462 10 3
465 10 1
467 10 4
478 10 2
486 10 1
493 10 1
0 11 276
1 11 301
2 11 305
5 11 308
21 11 265
22 11 292
25 11 255
27 11 274
30 11 272
32 11 273
34 11 256
39 11 218
41 11 261
42 11 285
44 11 225
49 11 278
52 11 224
53 11 256
54 11 226
56 11 282
61 11 226
63 11 220
65 11 207
69 11 227
75 11 226
77 11 217
78 11 198
79 11 224
81 11 212
83 11 212
85 11 197
92 11 206
95 11 189
99 11 186
104 11 200
106 11 196
115 11 183
118 11 179
119 11 189
122 11 180
125 11 167
129 11 164
133 11 178
137 11 168
141 11 171
144 11 142
146 11 146
149 11 130
150 11 174
151 11 140
154 11 152
155 11 150
161 11 142
163 11 148
166 11 146
167 11 124
168 11 121
172 11 125
173 11 124
175 11 108
179 11 118
180 11 133
181 11 123
187 11 136
191 11 140
192 11 123
197 11 113
201 11 93
207 11 110
209 11 123
210 11 116
214 11 92
228 11 88
232 11 95
243 11 76
250 11 67
263 11 75
264 11 65
272 11 73
274 11 62
275 11 60
276 11 71
280 11 64
282 11 53
283 11 57
284 11 45
287 11 57
289 11 53
296 11 40
304 11 50
315 11 34
317 11 43
319 11 43
323 11 43
324 11 45
334 11 31
340 11 35
353 11 28
359 11 27
366 11 27
372 11 23
384 11 20
395 11 19
396 11 17
408 11 11
411 11 13
414 11 8
419 11 7
433 11 8
442 11 10
473 11 2
474 11 3
480 11 2
486 11 1
490 11 2
492 11 1
495 11 1
1 12 297
2 12 308
3 12 300
4 12 292
7 12 282
9 12 279
15 12 278
16 12 259
17 12 300
19 12 267
25 12 282
26 12 248
27 12 277
36 12 263
37 12 269
38 12 257
39 12 265
40 12 255
41 12 256
43 12 246
44 12 253
45 12 264
47 12 248
50 12 243
52 12 237
53 12 240
57 12 238
60 12 235
61 12 233
64 12 222
66 12 229
70 12 240
71 12 202
78 12 220
79 12 210
80 12 231
88 12 215
90 12 198
93 12 187
94 12 197
97 12 186
98 12 213
99 12 205
100 12 182
105 12 184
112 12 172
113 12 159
116 12 167
118 12 165
124 12 201
125 12 171
134 12 174
137 12 182
138 12 161
147 12 140
148 12 126
165 12 142
167 12 151
171 12 132
173 12 132
175 12 136
177 12 139
179 12 128
180 12 127
181 12 122
182 12 108
186 12 122
187 12 109
197 12 115
203 12 118
204 12 85
205 12 112
218 12 105
219 12 95
223 12 113
229 12 96
230 12 78
238 12 82
240 12 76
242 12 68
245 12 70
250 12 71
262 12 71
275 12 55
279 12 54
288 12 56
295 12 51
299 12 38
304 12 55
306 12 48
312 12 42
317 12 42
332 12 49
335 12 37
353 12 21
363 12 24
367 12 21
369 12 28
371 12 20
373 12 17
385 12 17
386 12 17
391 12 13
402 12 10
409 12 10
412 12 12
423 12 6
443 12 8
448 12 2
462 12 2
468 12 2
478 12 2
489 12 1
493 12 2
0 13 322
2 13 279
6 13 289
7 13 305
11 13 290
16 13 259
26 13 280
28 13 257
29 13 273
34 13 280
37 13 229
39 13 279
41 13 226
55 13 229
56 13 229
60 13 229
67 13 239
70 13 222
72 13 234
80 13 204
85 13 226
88 13 224
91 13 184
92 13 203
93 13 197
94 13 205
97 13 204
103 13 191
111 13 192
113 13 161
114 13 173
116 13 172
119 13 178
121 13 180
132 13 158
133 13 167
134 13 163
135 13 166
138 13 150
139 13 161
140 13 173
145 13 141
146 13 154
151 13 154
152 13 153
159 13 144
162 13 147
164 13 132
174 13 128
177 13 131
182 13 128
185 13 93
189 13 114
201 13 108
203 13 108
213 13 109
219 13 100
236 13 93
238 13 86
242 13 80
244 13 83
245 13 82
252 13 81
256 13 74
277 13 63
279 13 54
281 13 58
282 13 64
285 13 44
288 13 69
301 13 57
311 13 39
314 13 36
321 13 41
328 13 36
335 13 36
339 13 33
345 13 33
355 13 23
356 13 29
368 13 22
374 13 18
376 13 26
395 13 17
400 13 10
406 13 11
407 13 14
408 13 15
429 13 9
431 13 5
432 13 6
439 13 5
467 13 4
475 13 1
482 13 2
491 13 2
492 13 1
493 13 1
497 13 1
4 14 301
5 14 272
8 14 264
12 14 293
16 14 290
17 14 278
18 14 287
19 14 279
20 14 272
22 14 295
27 14 304
28 14 290
29 14 277
32 14 262
35 14 284
41 14 242
49 14 216
52 14 257
53 14 235
55 14 215
57 14 217
59 14 235
60 14 242
64 14 218
69 14 220
77 14 220
84 14 231
86 14 213
87 14 173
90 14 186
92 14 213
97 14 185
100 14 195
103 14 187
107 14 184
113 14 192
115 14 178
118 14 173
120 14 160
121 14 173
130 14 161
134 14 153
135 14 167
140 14 156
148 14 153
151 14 128
156 14 119
157 14 128
168 14 128
171 14 147
178 14 119
179 14 136
180 14 112
184 14 123
189 14 108
199 14 123
201 14 128
204 14 93
206 14 106
214 14 102
215 14 101
216 14 116
217 14 98
221 14 86
235 14 87
236 14 88
238 14 77
241 14 86
243 14 70
254 14 65
268 14 63
274 14 62
277 14 54
284 14 53
294 14 50
298 14 64
316 14 37
320 14 42
321 14 37
323 14 28
329 14 39
331 14 26
340 14 26
343 14 30
360 14 18
362 14 28
363 14 24
378 14 20
383 14 20
405 14 16
409 14 11
444 14 4
455 14 3
456 14 8
2 15 284
3 15 296
4 15 287
5 15 277
8 15 318
10 15 274
14 15 287
17 15 248
18 15 311
19 15 273
21 15 290
23 15 288
24 15 274
26 15 300
28 15 248
35 15 237
38 15 249
39 15 245
40 15 245
41 15 252
46 15 248
47 15 247
56 15 260
57 15 225
59 15 234
60 15 206
65 15 199
69 15 212
70 15 216
71 15 219
72 15 226
78 15 205
80 15 211
82 15 202
84 15 199
86 15 190
87 15 239
88 15 236
92 15 201
97 15 189
100 15 187
103 15 181
109 15 232
113 15 199
116 15 171
118 15 170
126 15 172
127 15 151
130 15 158
133 15 156
134 15 157
136 15 149
141 15 168
142 15 143
144 15 158
146 15 143
147 15 136
151 15 133
158 15 157
166 15 142
171 15 128
172 15 142
181 15 128
185 15 133
187 15 113
189 15 128
190 15 117
191 15 126
193 15 104
195 15 111
197 15 132
199 15 122
202 15 89
209 15 106
213 15 90
233 15 72
239 15 74
251 15 65
258 15 85
260 15 67
261 15 58
266 15 63
270 15 63
273 15 87
277 15 60
281 15 52
286 15 72
287 15 54
288 15 62
293 15 69
298 15 57
299 15 53
315 15 46
319 15 39
333 15 26
334 15 40
343 15 23
344 15 27
351 15 20
352 15 26
384 15 8
385 15 15
393 15 14
398 15 13
399 15 13
413 15 12
417 15 10
423 15 16
432 15 5
441 15 6
447 15 6
465 15 4
476 15 2
487 15 1
495 15 1
496 15 1
1 16 292
3 16 309
5 16 303
6 16 317
8 16 286
15 16 283
19 16 290
20 16 273
23 16 292
26 16 276
27 16 249
28 16 272
29 16 265
32 16 277
33 16 283
34 16 267
41 16 251
43 16 218
44 16 239
46 16 258
47 16 256
50 16 267
52 16 241
53 16 225
55 16 265
56 16 239
57 16 229
58 16 249
69 16 211
76 16 208
81 16 237
86 16 186
87 16 216
88 16 227
90 16 236
91 16 202
92 16 223
94 16 198
99 16 206
103 16 182
111 16 187
116 16 190
117 16 159
118 16 163
124 16 181
129 16 171
131 16 156
132 16 151
133 16 170
135 16 169
139 16 179
141 16 160
146 16 170
148 16 155
151 16 142
153 16 167
159 16 147
163 16 132
168 16 127
171 16 131
173 16 143
175 16 131
177 16 138
182 16 115
186 16 121
196 16 124
200 16 105
208 16 107
211 16 100
212 16 106
216 16 98
223 16 106
228 16 91
233 16 98
239 16 84
245 16 68
251 16 77
258 16 67
268 16 56
271 16 62
283 16 59
293 16 51
302 16 52
310 16 39
314 16 52
319 16 39
322 16 39
329 16 46
330 16 40
331 16 37
352 16 28
356 16 20
357 16 18
366 16 23
373 16 20
378 16 27
395 16 12
396 16 6
398 16 15
400 16 18
401 16 16
406 16 10
423 16 5
424 16 14
426 16 9
436 16 6
447 16 5
455 16 2
458 16 4
462 16 1
463 16 1
465 16 2
469 16 1
477 16 4
0 17 290
1 17 274
4 17 281
7 17 319
8 17 306
9 17 281
10 17 289
11 17 308
13 17 306
16 17 273
17 17 286
23 17 290
28 17 259
29 17 244
30 17 266
31 17 287
32 17 251
33 17 247
34 17 269
38 17 272
40 17 234
47 17 251
48 17 235
53 17 220
57 17 238
58 17 238
63 17 241
65 17 227
67 17 217
68 17 248
74 17 222
75 17 205
80 17 213
84 17 205
86 17 226
89 17 199
99 17 180
100 17 196
102 17 184
111 17 193
112 17 213
114 17 187
118 17 196
120 17 172
121 17 165
127 17 189
128 17 172
130 17 151
141 17 160
142 17 170
145 17 150
146 17 156
154 17 160
157 17 130
159 17 154
161 17 169
172 17 128
176 17 125
178 17 117
192 17 106
202 17 113
203 17 107
204 17 129
212 17 89
217 17 97
220 17 94
224 17 101
230 17 91
245 17 65
263 17 73
264 17 65
268 17 83
272 17 57
288 17 67
289 17 49
299 17 54
301 17 49
304 17 57
311 17 34
315 17 40
322 17 52
325 17 43
328 17 36
339 17 44
367 17 30
370 17 24
377 17 28
378 17 13
379 17 16
387 17 17
388 17 18
389 17 15
395 17 12
407 17 8
408 17 12
424 17 8
433 17 10
436 17 7
447 17 5
452 17 6
465 17 3
472 17 3
475 17 5
477 17 1
3 18 301
5 18 269
6 18 317
10 18 306
11 18 292
12 18 272
13 18 289
18 18 282
21 18 284
22 18 275
23 18 282
24 18 272
26 18 268
28 18 259
29 18 278
32 18 278
33 18 259
34 18 276
36 18 257
38 18 254
42 18 254
48 18 279
56 18 236
57 18 239
59 18 245
64 18 238
65 18 243
68 18 220
72 18 218
74 18 201
75 18 203
77 18 224
78 18 202
82 18 225
83 18 205
84 18 227
85 18 221
93 18 199
106 18 187
108 18 182
119 18 175
121 18 169
122 18 171
125 18 168
127 18 171
131 18 167
132 18 162
137 18 187
144 18 179
147 18 184
154 18 160
158 18 124
159 18 148
163 18 167
166 18 125
170 18 134
172 18 140
174 18 117
178 18 151
181 18 106
189 18 131
193 18 109
197 18 126
207 18 114
208 18 89
215 18 98
217 18 105
218 18 93
221 18 89
222 18 77
229 18 73
233 18 80
248 18 77
250 18 73
253 18 55
255 18 90
258 18 66
260 18 61
265 18 72
268 18 60
274 18 52
292 18 54
295 18 63
296 18 49
297 18 46
298 18 46
299 18 49
314 18 40
319 18 41
320 18 40
323 18 31
331 18 42
334 18 32
342 18 30
345 18 23
346 18 30
350 18 30
364 18 20
365 18 29
372 18 17
373 18 27
374 18 15
378 18 21
379 18 20
380 18 19
382 18 15
390 18 23
392 18 17
396 18 12
399 18 17
416 18 9
423 18 8
427 18 11
428 18 8
448 18 6
450 18 6
453 18 4
464 18 3
472 18 1
490 18 1
494 18 1
497 18 1
499 18 1
0 19 284
3 19 291
8 19 275
11 19 288
13 19 306
14 19 311
15 19 299
17 19 278
24 19 267
33 19 266
34 19 268
37 19 253
38 19 244
40 19 250
43 19 188
44 19 258
46 19 254
48 19 249
49 19 231
59 19 245
60 19 223
62 19 254
65 19 258
66 19 244
70 19 213
77 19 201
78 19 200
83 19 230
88 19 195
91 19 227
97 19 213
98 19 202
100 19 190
101 19 189
105 19 182
108 19 200
113 19 184
119 19 202
120 19 172
127 19 176
129 19 157
133 19 156
134 19 181
136 19 133
138 19 168
140 19 164
141 19 141
144 19 167
145 19 158
152 19 156
153 19 157
159 19 131
165 19 150
166 19 128
174 19 111
179 19 122
185 19 108
187 19 125
192 19 128
193 19 115
204 19 99
208 19 115
213 19 98
214 19 108
215 19 91
216 19 95
218 19 109
219 19 112
222 19 86
228 19 87
231 19 77
233 19 87
238 19 94
241 19 69
244 19 98
245 19 78
248 19 78
252 19 71
254 19 70
270 19 72
290 19 62
293 19 51
297 19 54
298 19 53
313 19 46
317 19 48
318 19 42
321 19 39
331 19 40
340 19 42
345 19 33
357 19 25
358 19 27
359 19 33
369 19 23
373 19 24
389 19 13
410 19 11
414 19 5
421 19 11
423 19 8
424 19 7
433 19 9
444 19 4
447 19 4
469 19 2
494 19 2
498 19 1