500 20 9033 5 2000
469 424 141 390 42 105 455 223 173 78 387 130 25 75 408 319 67 384 466 225 312 274 191 406 428 390 34 278 27 496 206 120 136 168 322 280 500 46 297 96 430 195 199 217 411 16 374 52 21 242 146 59 87 389 213 263 329 52 64 410 254 162 377 243 105 329 108 288 113 37 298 410 213 196 252 326 115 320 490 387 208 170 498 258 154 325 496 102 393 321 98 15 261 91 487 473 461 65 70 195 221 37 472 284 97 449 286 275 19 211 165 195 257 116 444 17 67 264 88 334 239 33 85 137 390 435 177 80 12 497 81 464 293 185 448 103 413 400 314 408 70 65 318 499 317 175 52 145 157 415 95 193 280 395 314 124 117 421 363 424 53 19 374 134 252 356 215 29 483 96 61 133 120 448 251 387 219 113 282 436 332 59 228 454 91 78 100 44 277 92 485 108 453 47 245 157 192 489 129 297 255 104 240 223 150 252 248 88 450 39 209 324 41 475 172 278 305 51 400 102 206 373 119 127 455 430 431 261 324 46 459 493 209 383 53 153 294 330 64 287 361 324 358 265 258 53 262 340 280 442 75 371 456 499 108 206 78 314 466 140 66 211 449 255 246 174 361 454 301 36 252 197 417 39 389 435 332 63 242 202 306 99 389 246 215 350 490 265 41 324 412 495 196 123 164 72 69 444 107 382 188 376 333 241 202 343 26 404 306 290 310 416 293 162 225 287 76 261 403 124 125 284 271 184 385 242 274 163 283 484 438 302 51 408 479 187 150 259 317 442 223 254 84 66 460 262 416 203 254 180 366 410 115 93 22 105 282 371 150 217 440 377 431 445 421 340 285 273 127 11 68 125 353 379 387 405 461 407 167 70 495 246 90 187 298 230 324 225 411 228 459 289 95 416 85 296 381 78 458 97 382 405 119 10 344 313 443 229 396 440 65 274 124 255 98 410 306 151 333 436 31 161 312 453 312 127 174 42 386 131 425 281 425 467 362 105 177 443 452 122 128 479 100 281 114 91 449 439 82 204 197 283 470 427 413 80 185 461 412 356 325 201 13 140 82 384 210 55 332 139 234 104 389 299 448 491 173 38 441 385 396 167 187 317 232 338 130 348 232 38 209 20 158 388 63 63 279 184 50 129
672 4
1 31
2 399
3 270
4 383
943 4
1 474
2 452
3 391
4 110
641 4
0 229
1 474
2 346
4 109
479 4
0 291
2 408
3 110
4 84
927 5
0 323
1 479
2 190
3 259
4 121
960 4
0 170
1 459
2 30
4 119
533 3
1 236
2 422
3 17
869 4
0 387
1 425
2 182
3 382
342 5
0 38
1 144
2 225
3 276
4 338
541 3
0 229
2 83
4 479
610 3
0 416
2 331
3 255
943 3
0 53
1 374
4 466
514 4
0 102
1 22
2 155
3 382
114 4
0 58
1 57
2 40
3 17
374 3
0 111
1 8
4 153
737 4
0 146
1 65
3 121
4 300
342 4
0 230
1 185
2 257
3 125
554 4
0 224
2 450
3 75
4 412
835 5
0 455
1 148
2 123
3 147
4 356
1000 3
1 468
3 5
4 176
0 0 313
1 0 308
2 0 297
3 0 303
4 0 291
5 0 274
6 0 304
7 0 323
8 0 318
9 0 306
10 0 292
11 0 326
12 0 259
13 0 307
14 0 288
15 0 320
16 0 303
18 0 302
19 0 350
20 0 304
21 0 321
23 0 285
24 0 328
25 0 276
26 0 291
27 0 302
28 0 298
29 0 322
30 0 309
31 0 303
32 0 334
33 0 305
34 0 331
35 0 319
36 0 332
37 0 315
38 0 309
39 0 331
41 0 318
42 0 278
46 0 316
47 0 329
48 0 285
49 0 296
50 0 289
51 0 331
52 0 309
53 0 300
54 0 296
55 0 300
56 0 307
57 0 327
58 0 283
59 0 279
60 0 290
62 0 300
64 0 300
65 0 331
66 0 281
67 0 297
68 0 344
69 0 321
70 0 290
71 0 295
72 0 294
73 0 291
74 0 332
75 0 308
76 0 284
78 0 310
79 0 300
80 0 284
81 0 257
82 0 317
83 0 330
84 0 279
85 0 299
86 0 313
87 0 292
88 0 311
89 0 309
90 0 304
91 0 305
92 0 293
93 0 337
94 0 321
95 0 304
96 0 293
97 0 322
98 0 305
99 0 291
100 0 274
101 0 302
102 0 290
103 0 308
104 0 337
105 0 267
106 0 302
107 0 283
108 0 306
109 0 316
110 0 304
111 0 309
112 0 265
113 0 281
114 0 280
115 0 284
116 0 287
117 0 308
118 0 294
119 0 283
120 0 303
121 0 339
122 0 301
124 0 275
125 0 331
126 0 297
128 0 314
129 0 275
130 0 318
131 0 306
132 0 308
133 0 268
134 0 296
135 0 287
136 0 312
137 0 305
138 0 330
139 0 298
140 0 285
141 0 282
142 0 304
145 0 325
147 0 285
148 0 309
150 0 309
151 0 276
152 0 328
153 0 336
154 0 299
155 0 278
156 0 314
157 0 320
158 0 287
159 0 301
160 0 314
161 0 322
162 0 297
163 0 296
164 0 308
165 0 326
166 0 288
168 0 298
169 0 299
170 0 298
171 0 334
172 0 295
174 0 299
175 0 326
176 0 297
177 0 311
178 0 295
179 0 282
180 0 317
181 0 315
182 0 317
183 0 304
184 0 270
186 0 325
187 0 305
188 0 274
189 0 300
190 0 328
191 0 305
192 0 280
193 0 274
194 0 289
195 0 302
197 0 277
198 0 276
199 0 320
200 0 296
201 0 303
202 0 311
203 0 335
204 0 299
205 0 303
207 0 290
208 0 270
209 0 317
210 0 306
212 0 304
213 0 284
214 0 305
215 0 317
216 0 316
217 0 295
219 0 293
220 0 272
221 0 300
222 0 302
223 0 315
225 0 284
226 0 313
227 0 329
228 0 287
229 0 281
231 0 307
232 0 297
233 0 315
234 0 311
235 0 308
237 0 268
238 0 324
239 0 309
240 0 305
241 0 290
242 0 298
243 0 305
244 0 296
245 0 297
246 0 286
247 0 315
248 0 310
249 0 296
250 0 280
251 0 293
254 0 312
255 0 269
256 0 307
257 0 287
258 0 295
259 0 315
260 0 336
262 0 305
263 0 304
264 0 261
265 0 319
266 0 284
267 0 284
268 0 286
269 0 317
270 0 323
271 0 300
272 0 297
273 0 264
274 0 285
275 0 289
276 0 296
277 0 303
278 0 282
279 0 309
280 0 317
281 0 281
282 0 303
284 0 303
285 0 293
286 0 294
287 0 277
288 0 289
289 0 323
290 0 287
291 0 313
292 0 286
293 0 316
294 0 282
295 0 311
297 0 279
298 0 265
299 0 297
300 0 299
301 0 335
302 0 290
303 0 300
304 0 338
305 0 279
306 0 274
307 0 317
308 0 289
309 0 309
310 0 299
311 0 267
312 0 316
313 0 262
314 0 264
315 0 292
317 0 298
318 0 302
319 0 314
320 0 291
321 0 306
322 0 277
323 0 281
324 0 302
325 0 282
326 0 320
327 0 307
329 0 315
330 0 289
331 0 338
332 0 316
333 0 303
334 0 286
335 0 318
336 0 312
337 0 321
339 0 299
340 0 300
341 0 290
342 0 288
343 0 298
344 0 300
345 0 309
346 0 330
347 0 316
349 0 306
350 0 299
352 0 261
353 0 322
355 0 310
356 0 294
357 0 363
358 0 289
359 0 279
360 0 303
361 0 317
362 0 312
363 0 308
364 0 300
366 0 310
367 0 298
368 0 318
369 0 289
370 0 280
371 0 298
372 0 266
373 0 299
376 0 280
377 0 298
378 0 323
379 0 324
380 0 292
381 0 319
382 0 296
383 0 297
384 0 304
385 0 307
386 0 321
388 0 316
389 0 317
390 0 300
391 0 302
393 0 303
394 0 308
395 0 321
396 0 300
397 0 313
398 0 307
399 0 280
400 0 323
402 0 340
403 0 300
404 0 281
405 0 312
406 0 286
407 0 307
408 0 292
409 0 291
410 0 274
411 0 318
412 0 293
414 0 307
415 0 317
416 0 281
418 0 291
420 0 299
421 0 303
422 0 304
423 0 299
424 0 305
426 0 308
428 0 263
429 0 298
430 0 318
431 0 291
432 0 321
433 0 266
434 0 295
435 0 309
436 0 331
437 0 297
438 0 305
439 0 302
440 0 311
441 0 281
442 0 309
443 0 307
444 0 294
445 0 298
446 0 328
447 0 296
448 0 296
451 0 296
452 0 325
453 0 285
454 0 330
455 0 317
456 0 288
457 0 306
458 0 304
459 0 307
460 0 295
461 0 288
462 0 294
463 0 274
464 0 344
465 0 304
466 0 290
467 0 300
468 0 306
469 0 296
470 0 283
471 0 290
472 0 313
473 0 274
474 0 285
475 0 310
476 0 270
477 0 340
478 0 311
479 0 299
481 0 289
482 0 287
483 0 289
484 0 294
485 0 321
486 0 303
487 0 285
488 0 316
489 0 314
490 0 319
491 0 295
492 0 317
493 0 291
494 0 333
495 0 297
496 0 310
498 0 302
499 0 290
0 1 304
1 1 293
2 1 306
4 1 303
5 1 320
6 1 315
7 1 333
8 1 280
9 1 308
10 1 279
11 1 328
12 1 293
13 1 275
14 1 300
15 1 324
17 1 288
18 1 303
19 1 280
20 1 328
22 1 279
23 1 298
24 1 291
26 1 271
27 1 303
28 1 321
29 1 313
31 1 281
32 1 313
33 1 317
34 1 276
35 1 305
37 1 310
38 1 296
39 1 308
40 1 305
43 1 322
44 1 328
45 1 328
47 1 339
48 1 337
49 1 312
50 1 293
51 1 316
52 1 290
53 1 279
54 1 331
55 1 307
56 1 279
57 1 269
58 1 332
59 1 287
60 1 299
61 1 329
62 1 297
63 1 278
64 1 303
66 1 314
67 1 302
69 1 327
70 1 315
71 1 354
72 1 281
73 1 310
74 1 285
75 1 314
76 1 291
78 1 305
79 1 301
80 1 300
81 1 291
82 1 280
83 1 312
84 1 301
86 1 267
87 1 331
88 1 321
89 1 278
90 1 304
91 1 291
93 1 298
94 1 329
95 1 298
96 1 312
97 1 306
98 1 319
99 1 307
100 1 317
101 1 328
102 1 299
103 1 277
104 1 299
105 1 298
106 1 283
107 1 299
108 1 292
109 1 275
110 1 293
111 1 323
112 1 309
113 1 303
114 1 336
115 1 299
116 1 296
117 1 297
118 1 284
119 1 295
120 1 306
121 1 274
122 1 275
123 1 275
124 1 331
125 1 320
126 1 318
128 1 276
129 1 283
131 1 319
132 1 291
133 1 320
134 1 306
135 1 280
136 1 314
137 1 317
138 1 308
139 1 301
140 1 318
141 1 269
142 1 300
144 1 279
145 1 295
146 1 315
147 1 289
149 1 302
150 1 309
151 1 268
152 1 307
153 1 309
154 1 291
155 1 314
157 1 322
158 1 307
159 1 268
160 1 307
161 1 296
162 1 272
163 1 302
164 1 296
165 1 323
166 1 284
167 1 328
168 1 328
169 1 296
171 1 300
173 1 305
174 1 307
175 1 301
176 1 291
177 1 308
178 1 293
179 1 300
180 1 287
181 1 309
182 1 318
183 1 276
184 1 301
185 1 276
186 1 297
187 1 288
188 1 327
189 1 301
190 1 305
191 1 301
192 1 308
194 1 300
195 1 311
196 1 304
197 1 265
198 1 311
199 1 290
200 1 284
201 1 278
202 1 308
204 1 300
206 1 293
207 1 294
208 1 298
209 1 299
210 1 295
211 1 337
213 1 322
214 1 307
215 1 294
216 1 280
217 1 325
218 1 291
219 1 273
220 1 301
221 1 286
222 1 292
223 1 326
224 1 291
225 1 318
227 1 296
228 1 303
229 1 297
230 1 315
231 1 268
232 1 336
233 1 292
234 1 285
235 1 278
236 1 324
237 1 290
238 1 261
239 1 308
240 1 302
241 1 287
242 1 276
243 1 285
244 1 301
245 1 307
246 1 304
248 1 304
249 1 299
250 1 312
251 1 287
252 1 306
253 1 302
254 1 310
255 1 296
256 1 306
257 1 322
258 1 292
259 1 316
260 1 292
261 1 319
262 1 270
263 1 280
264 1 293
265 1 318
266 1 301
267 1 323
268 1 311
269 1 292
270 1 313
271 1 300
272 1 295
273 1 263
274 1 324
275 1 290
276 1 314
278 1 297
279 1 296
281 1 308
282 1 290
283 1 292
284 1 287
286 1 325
287 1 324
288 1 308
289 1 259
290 1 318
291 1 318
292 1 298
293 1 314
295 1 285
296 1 321
297 1 311
298 1 287
299 1 320
300 1 292
301 1 299
302 1 314
303 1 294
304 1 288
305 1 293
306 1 303
307 1 311
308 1 326
309 1 309
310 1 301
311 1 332
312 1 294
313 1 299
314 1 317
315 1 312
316 1 292
317 1 295
318 1 314
319 1 299
320 1 297
321 1 289
322 1 287
323 1 284
324 1 277
325 1 278
326 1 318
327 1 303
329 1 285
330 1 325
331 1 297
332 1 328
333 1 294
334 1 315
335 1 296
336 1 281
337 1 333
338 1 302
339 1 312
341 1 337
342 1 325
343 1 321
344 1 316
345 1 290
346 1 273
347 1 311
348 1 254
349 1 280
350 1 306
351 1 330
352 1 264
353 1 288
354 1 325
355 1 298
356 1 275
357 1 280
358 1 303
359 1 281
360 1 322
361 1 290
362 1 278
364 1 264
365 1 310
367 1 292
368 1 318
369 1 292
370 1 329
371 1 323
372 1 312
373 1 291
374 1 281
376 1 321
377 1 320
380 1 315
381 1 308
382 1 300
383 1 311
384 1 299
385 1 299
386 1 309
387 1 295
388 1 316
389 1 290
390 1 295
391 1 312
392 1 314
393 1 299
395 1 305
396 1 329
397 1 312
398 1 319
399 1 319
400 1 309
401 1 285
402 1 296
403 1 292
404 1 341
405 1 294
406 1 302
407 1 284
408 1 280
409 1 314
410 1 302
411 1 318
412 1 356
413 1 299
414 1 290
415 1 304
416 1 310
417 1 281
418 1 289
419 1 315
420 1 313
422 1 291
423 1 326
424 1 273
425 1 332
426 1 294
427 1 310
428 1 296
429 1 312
430 1 295
431 1 271
432 1 313
433 1 307
434 1 304
435 1 289
436 1 285
437 1 285
438 1 287
439 1 293
440 1 268
441 1 320
443 1 287
444 1 298
445 1 288
446 1 289
447 1 341
448 1 290
449 1 320
450 1 340
451 1 319
452 1 294
453 1 297
456 1 302
457 1 304
458 1 292
459 1 280
460 1 295
461 1 292
464 1 278
465 1 298
466 1 320
467 1 343
469 1 281
470 1 295
471 1 305
472 1 320
473 1 299
474 1 325
475 1 295
476 1 309
477 1 289
478 1 298
479 1 310
480 1 304
481 1 310
482 1 278
483 1 309
484 1 317
485 1 331
486 1 304
487 1 330
488 1 328
489 1 298
490 1 302
491 1 314
493 1 315
494 1 276
495 1 289
496 1 293
497 1 296
498 1 332
499 1 298
0 2 303
2 2 322
3 2 270
4 2 284
5 2 313
6 2 319
7 2 311
9 2 338
11 2 335
12 2 297
13 2 298
14 2 300
15 2 324
16 2 279
17 2 296
18 2 325
20 2 291
21 2 306
23 2 304
25 2 267
26 2 308
27 2 306
28 2 335
29 2 312
30 2 319
31 2 326
32 2 309
33 2 290
34 2 306
35 2 272
36 2 314
37 2 291
38 2 322
39 2 289
40 2 298
41 2 320
42 2 307
43 2 316
44 2 308
45 2 268
46 2 282
48 2 292
49 2 288
50 2 331
52 2 306
53 2 302
54 2 279
55 2 291
56 2 307
57 2 300
58 2 323
60 2 326
62 2 291
63 2 309
64 2 301
65 2 307
66 2 288
67 2 289
68 2 293
69 2 282
70 2 293
71 2 330
72 2 280
73 2 301
75 2 295
76 2 274
77 2 299
78 2 322
79 2 299
80 2 299
81 2 306
82 2 289
83 2 319
84 2 287
85 2 346
86 2 327
88 2 289
89 2 332
90 2 305
91 2 282
92 2 295
93 2 283
94 2 304
95 2 265
96 2 305
97 2 309
98 2 303
99 2 301
100 2 265
101 2 301
102 2 294
103 2 305
105 2 322
106 2 327
107 2 295
108 2 270
109 2 324
110 2 312
111 2 280
112 2 330
113 2 304
114 2 305
115 2 271
116 2 300
117 2 302
118 2 312
119 2 293
120 2 299
121 2 309
122 2 305
123 2 278
124 2 325
125 2 293
126 2 257
127 2 297
128 2 308
129 2 313
130 2 304
131 2 296
132 2 303
133 2 296
134 2 290
135 2 298
136 2 281
137 2 309
138 2 278
139 2 299
140 2 300
141 2 320
142 2 349
143 2 275
144 2 307
145 2 306
146 2 318
147 2 311
148 2 316
149 2 285
150 2 307
151 2 288
152 2 307
153 2 323
154 2 284
155 2 300
156 2 312
157 2 289
158 2 265
159 2 285
160 2 317
161 2 319
162 2 288
163 2 282
164 2 306
165 2 299
167 2 324
168 2 305
169 2 304
170 2 325
171 2 311
172 2 306
173 2 282
174 2 298
175 2 282
176 2 293
177 2 302
178 2 293
179 2 270
180 2 312
181 2 334
182 2 309
183 2 306
184 2 291
185 2 312
186 2 307
187 2 321
188 2 359
189 2 302
190 2 305
191 2 278
192 2 285
193 2 313
194 2 313
195 2 284
196 2 311
198 2 272
199 2 276
200 2 307
201 2 294
202 2 315
203 2 342
204 2 306
205 2 284
206 2 276
207 2 309
209 2 310
210 2 330
211 2 265
212 2 305
213 2 302
214 2 307
215 2 300
216 2 289
217 2 319
218 2 333
219 2 296
220 2 285
221 2 296
222 2 310
223 2 291
224 2 331
225 2 321
227 2 300
228 2 287
229 2 297
230 2 278
231 2 307
232 2 280
233 2 334
234 2 322
235 2 288
236 2 315
237 2 312
238 2 289
239 2 291
240 2 286
241 2 330
242 2 292
244 2 296
245 2 291
246 2 310
248 2 302
249 2 295
250 2 304
252 2 305
254 2 338
255 2 265
256 2 276
257 2 331
258 2 302
259 2 315
260 2 301
261 2 328
262 2 304
263 2 318
265 2 292
267 2 303
268 2 316
269 2 282
270 2 317
271 2 324
272 2 293
273 2 280
274 2 310
275 2 291
276 2 316
277 2 298
278 2 281
279 2 296
280 2 309
281 2 324
283 2 281
284 2 299
285 2 326
286 2 260
287 2 305
288 2 319
289 2 295
290 2 307
291 2 294
293 2 291
294 2 313
295 2 299
296 2 288
297 2 320
298 2 312
300 2 283
301 2 308
302 2 339
303 2 310
304 2 326
305 2 303
306 2 287
307 2 277
308 2 285
309 2 317
311 2 289
312 2 316
313 2 275
314 2 316
315 2 293
316 2 304
317 2 307
318 2 303
320 2 287
321 2 275
322 2 316
323 2 303
324 2 324
325 2 302
326 2 323
327 2 311
328 2 296
330 2 291
331 2 316
332 2 321
333 2 274
334 2 304
335 2 299
336 2 308
337 2 298
338 2 286
339 2 297
340 2 324
341 2 326
342 2 325
343 2 309
344 2 304
345 2 323
346 2 276
347 2 270
348 2 291
349 2 293
350 2 296
351 2 299
353 2 315
354 2 290
355 2 309
356 2 286
358 2 294
359 2 283
361 2 308
362 2 296
363 2 312
364 2 303
365 2 302
366 2 296
367 2 317
369 2 333
370 2 305
371 2 301
372 2 314
373 2 283
375 2 319
376 2 317
377 2 290
378 2 271
379 2 278
380 2 294
381 2 308
382 2 311
383 2 269
384 2 296
386 2 320
387 2 275
388 2 299
389 2 304
390 2 304
391 2 316
392 2 290
393 2 306
394 2 317
395 2 337
396 2 306
397 2 268
398 2 314
399 2 301
400 2 307
401 2 323
402 2 275
403 2 314
404 2 281
405 2 292
406 2 312
407 2 316
408 2 289
409 2 304
410 2 295
411 2 307
412 2 309
413 2 291
414 2 331
415 2 291
416 2 292
417 2 277
418 2 319
419 2 290
420 2 319
421 2 288
422 2 315
424 2 293
425 2 310
426 2 311
427 2 321
428 2 283
429 2 317
430 2 279
431 2 297
434 2 312
435 2 290
437 2 286
438 2 278
439 2 288
440 2 300
441 2 336
442 2 275
443 2 327
444 2 297
445 2 310
446 2 293
447 2 325
448 2 281
449 2 290
451 2 328
452 2 285
453 2 270
454 2 316
455 2 242
456 2 310
457 2 311
458 2 309
459 2 303
460 2 311
461 2 300
462 2 308
465 2 295
466 2 285
467 2 306
468 2 305
469 2 303
470 2 303
471 2 290
472 2 300
473 2 275
475 2 300
476 2 315
477 2 287
478 2 309
479 2 302
480 2 293
481 2 306
482 2 272
483 2 293
484 2 304
485 2 273
487 2 276
488 2 320
489 2 286
490 2 335
491 2 290
492 2 327
493 2 307
495 2 320
496 2 302
497 2 296
498 2 317
499 2 296
1 3 318
2 3 301
3 3 311
4 3 299
5 3 292
6 3 307
8 3 316
9 3 294
10 3 308
11 3 296
12 3 274
13 3 304
14 3 292
15 3 297
16 3 303
17 3 323
18 3 317
20 3 291
21 3 284
23 3 306
24 3 276
25 3 283
26 3 289
27 3 299
28 3 304
29 3 312
30 3 317
31 3 280
32 3 315
33 3 289
34 3 283
35 3 305
36 3 287
37 3 307
38 3 280
39 3 288
40 3 313
41 3 325
42 3 287
43 3 277
44 3 314
45 3 308
46 3 270
47 3 299
48 3 297
49 3 313
51 3 320
52 3 314
53 3 297
54 3 287
55 3 313
56 3 313
57 3 319
58 3 294
59 3 290
60 3 315
61 3 319
62 3 342
63 3 320
64 3 280
66 3 284
67 3 308
68 3 325
69 3 295
70 3 313
71 3 276
72 3 307
73 3 274
74 3 302
75 3 279
77 3 304
78 3 298
79 3 286
80 3 303
81 3 298
82 3 306
83 3 304
84 3 329
85 3 325
86 3 294
87 3 320
88 3 332
89 3 307
90 3 284
91 3 303
92 3 299
93 3 291
94 3 279
95 3 268
96 3 269
97 3 310
98 3 290
99 3 325
100 3 302
101 3 299
102 3 296
103 3 306
104 3 302
105 3 318
106 3 292
107 3 272
109 3 314
111 3 296
112 3 305
113 3 291
114 3 309
115 3 287
116 3 304
117 3 290
118 3 310
119 3 346
120 3 307
121 3 307
122 3 298
123 3 310
124 3 315
125 3 281
126 3 319
127 3 305
128 3 270
129 3 274
130 3 302
132 3 311
134 3 313
135 3 275
136 3 297
137 3 351
138 3 281
139 3 308
140 3 298
141 3 299
142 3 313
143 3 322
144 3 271
145 3 306
147 3 296
148 3 320
149 3 312
150 3 291
151 3 297
152 3 311
153 3 297
154 3 253
155 3 310
156 3 289
157 3 315
158 3 321
159 3 274
160 3 297
161 3 289
162 3 302
163 3 334
164 3 302
165 3 275
167 3 278
168 3 310
169 3 299
170 3 320
171 3 298
172 3 297
173 3 267
174 3 285
175 3 326
176 3 284
177 3 306
178 3 299
179 3 282
180 3 297
181 3 301
182 3 285
183 3 265
184 3 314
185 3 303
186 3 280
187 3 318
188 3 327
189 3 316
190 3 315
191 3 296
192 3 306
194 3 305
195 3 292
196 3 292
197 3 296
198 3 278
199 3 286
200 3 287
201 3 269
202 3 278
203 3 333
204 3 288
205 3 310
206 3 276
207 3 273
210 3 311
211 3 301
212 3 304
213 3 306
214 3 299
215 3 321
216 3 308
217 3 292
218 3 281
219 3 288
220 3 304
221 3 308
223 3 306
224 3 304
225 3 305
226 3 280
228 3 303
230 3 284
231 3 294
232 3 274
234 3 291
235 3 311
236 3 299
237 3 309
238 3 321
239 3 292
240 3 322
241 3 307
242 3 328
243 3 315
244 3 353
245 3 300
246 3 285
247 3 290
248 3 277
249 3 314
250 3 306
251 3 302
252 3 308
253 3 309
254 3 314
255 3 318
256 3 307
257 3 285
258 3 282
259 3 283
260 3 319
261 3 305
262 3 310
263 3 305
264 3 336
265 3 314
266 3 302
268 3 285
269 3 299
270 3 319
271 3 307
272 3 293
273 3 311
274 3 279
275 3 307
276 3 309
277 3 277
278 3 289
279 3 314
281 3 279
282 3 325
283 3 311
284 3 282
285 3 316
286 3 274
287 3 277
288 3 302
289 3 338
290 3 300
292 3 315
293 3 298
294 3 273
295 3 304
296 3 309
297 3 294
298 3 326
300 3 315
301 3 311
302 3 318
303 3 293
304 3 310
305 3 300
306 3 300
307 3 330
308 3 296
309 3 302
310 3 326
311 3 285
312 3 307
313 3 303
314 3 293
315 3 311
316 3 287
317 3 281
319 3 300
320 3 294
321 3 308
322 3 287
323 3 306
324 3 312
326 3 313
328 3 297
329 3 314
331 3 317
333 3 296
334 3 293
335 3 315
336 3 319
337 3 322
338 3 312
339 3 298
340 3 296
341 3 265
342 3 327
343 3 291
344 3 297
346 3 288
347 3 321
348 3 323
350 3 302
351 3 291
352 3 254
353 3 265
354 3 293
355 3 304
356 3 327
357 3 285
358 3 288
359 3 328
360 3 292
361 3 333
362 3 288
363 3 314
365 3 326
366 3 296
367 3 291
368 3 296
369 3 283
370 3 304
371 3 301
372 3 286
373 3 309
374 3 271
375 3 271
376 3 338
377 3 308
378 3 300
379 3 290
380 3 284
381 3 313
382 3 318
383 3 313
384 3 292
385 3 287
386 3 295
387 3 341
388 3 303
389 3 305
390 3 293
391 3 297
392 3 281
393 3 316
395 3 289
396 3 325
397 3 268
398 3 267
399 3 301
400 3 320
401 3 299
402 3 307
403 3 327
404 3 263
405 3 303
406 3 316
407 3 268
410 3 299
411 3 264
412 3 311
413 3 312
414 3 307
415 3 329
416 3 302
417 3 314
418 3 302
419 3 295
420 3 277
421 3 314
422 3 293
423 3 270
424 3 337
426 3 304
427 3 301
428 3 314
429 3 338
430 3 272
431 3 308
432 3 289
433 3 284
434 3 311
435 3 325
436 3 275
437 3 307
438 3 316
439 3 326
440 3 292
441 3 275
442 3 316
443 3 258
444 3 269
445 3 315
446 3 285
447 3 289
448 3 321
449 3 289
451 3 305
452 3 331
453 3 279
454 3 298
455 3 323
457 3 296
458 3 307
459 3 257
460 3 317
461 3 313
462 3 272
463 3 273
464 3 312
465 3 315
466 3 299
467 3 334
468 3 299
469 3 267
470 3 326
471 3 284
472 3 304
473 3 324
475 3 286
476 3 327
477 3 274
478 3 293
479 3 304
480 3 301
481 3 303
482 3 294
483 3 299
484 3 289
485 3 287
486 3 291
487 3 318
488 3 321
489 3 311
490 3 289
491 3 307
492 3 298
493 3 292
494 3 307
495 3 300
496 3 323
497 3 306
498 3 329
499 3 303
0 4 283
2 4 300
3 4 288
4 4 299
5 4 301
6 4 303
7 4 301
8 4 292
9 4 288
11 4 261
12 4 319
13 4 293
14 4 339
15 4 289
16 4 287
18 4 317
19 4 283
20 4 308
21 4 288
22 4 302
23 4 297
24 4 292
25 4 291
27 4 293
28 4 335
29 4 301
30 4 286
32 4 293
33 4 346
34 4 298
35 4 311
36 4 287
37 4 295
38 4 292
39 4 282
40 4 333
41 4 314
42 4 329
44 4 298
45 4 279
46 4 299
48 4 288
49 4 301
50 4 307
51 4 281
52 4 310
53 4 291
54 4 309
56 4 276
57 4 322
58 4 285
59 4 335
60 4 313
61 4 275
62 4 305
63 4 282
64 4 323
65 4 304
66 4 314
67 4 329
69 4 295
70 4 302
71 4 317
72 4 322
73 4 333
74 4 294
75 4 287
76 4 267
77 4 314
79 4 305
80 4 318
81 4 291
82 4 305
83 4 298
84 4 307
85 4 277
86 4 295
87 4 313
88 4 307
89 4 268
90 4 291
91 4 288
92 4 311
93 4 342
94 4 280
95 4 270
96 4 262
97 4 322
98 4 323
100 4 284
101 4 268
102 4 296
103 4 308
104 4 276
105 4 284
106 4 338
107 4 297
109 4 291
110 4 320
111 4 278
112 4 272
113 4 328
114 4 275
115 4 325
116 4 304
117 4 296
118 4 306
119 4 333
120 4 302
121 4 281
122 4 288
123 4 300
124 4 285
126 4 310
127 4 263
128 4 300
129 4 307
130 4 339
131 4 318
132 4 305
133 4 297
134 4 302
135 4 301
136 4 318
137 4 320
138 4 291
140 4 309
141 4 294
142 4 271
143 4 324
145 4 305
146 4 320
148 4 321
149 4 324
150 4 286
151 4 301
152 4 285
153 4 304
154 4 311
155 4 276
156 4 324
157 4 307
158 4 336
159 4 324
160 4 306
161 4 292
162 4 309
163 4 285
164 4 289
165 4 279
166 4 292
167 4 283
168 4 316
169 4 318
170 4 291
171 4 300
172 4 299
174 4 308
175 4 264
176 4 330
177 4 302
178 4 269
179 4 334
180 4 295
181 4 303
182 4 309
183 4 311
184 4 307
185 4 333
186 4 285
187 4 321
188 4 332
190 4 304
191 4 305
192 4 296
193 4 265
194 4 307
195 4 280
196 4 306
197 4 272
198 4 288
199 4 294
200 4 290
201 4 309
202 4 331
203 4 303
204 4 314
205 4 282
206 4 316
207 4 288
208 4 301
209 4 281
210 4 282
211 4 313
212 4 281
213 4 296
214 4 288
215 4 284
216 4 289
217 4 313
218 4 263
220 4 313
221 4 319
222 4 317
223 4 322
224 4 332
225 4 288
226 4 315
227 4 300
228 4 329
229 4 322
230 4 286
231 4 294
232 4 262
233 4 303
235 4 290
236 4 311
237 4 296
238 4 339
240 4 284
241 4 302
242 4 297
243 4 299
244 4 294
245 4 344
246 4 261
247 4 306
248 4 299
249 4 285
250 4 289
251 4 285
252 4 313
253 4 287
255 4 292
256 4 287
257 4 286
258 4 285
259 4 262
260 4 311
261 4 288
262 4 317
263 4 305
264 4 298
265 4 280
267 4 292
268 4 290
270 4 267
271 4 292
272 4 294
273 4 288
274 4 304
275 4 302
276 4 322
277 4 289
278 4 302
279 4 298
280 4 294
281 4 305
283 4 300
284 4 290
285 4 296
286 4 294
287 4 319
288 4 340
289 4 317
290 4 286
291 4 291
292 4 320
293 4 315
294 4 281
295 4 312
296 4 320
297 4 278
298 4 308
299 4 289
300 4 277
301 4 313
302 4 286
303 4 306
305 4 282
306 4 295
307 4 284
308 4 315
309 4 298
310 4 300
311 4 288
312 4 299
313 4 309
314 4 322
315 4 343
316 4 308
317 4 294
319 4 322
320 4 292
321 4 275
323 4 298
324 4 292
325 4 296
326 4 295
327 4 318
328 4 302
329 4 290
330 4 321
331 4 301
332 4 281
333 4 327
334 4 284
336 4 317
337 4 325
338 4 280
339 4 295
340 4 295
341 4 299
342 4 324
343 4 299
344 4 286
346 4 292
347 4 285
348 4 298
349 4 309
350 4 295
351 4 304
352 4 314
353 4 341
354 4 280
355 4 311
357 4 299
358 4 307
359 4 293
361 4 295
362 4 283
363 4 288
364 4 297
365 4 307
366 4 321
367 4 324
368 4 307
369 4 318
370 4 267
371 4 302
372 4 310
373 4 279
374 4 316
375 4 341
376 4 313
377 4 289
378 4 305
380 4 294
382 4 318
383 4 265
384 4 285
386 4 289
387 4 254
388 4 315
389 4 288
390 4 297
391 4 313
392 4 296
394 4 299
395 4 312
396 4 297
397 4 284
398 4 295
400 4 276
401 4 271
402 4 317
403 4 307
404 4 288
405 4 264
406 4 286
407 4 294
408 4 328
409 4 237
410 4 332
412 4 320
413 4 304
415 4 303
416 4 307
417 4 310
418 4 281
419 4 276
420 4 284
421 4 314
422 4 312
423 4 301
424 4 299
425 4 287
426 4 311
427 4 312
428 4 300
430 4 257
431 4 301
432 4 292
433 4 285
434 4 306
435 4 317
436 4 295
437 4 316
438 4 307
439 4 300
440 4 304
441 4 299
442 4 284
443 4 310
444 4 310
445 4 275
446 4 260
447 4 312
448 4 314
449 4 311
450 4 303
451 4 311
452 4 269
453 4 309
455 4 267
456 4 295
457 4 321
458 4 303
459 4 310
460 4 305
461 4 290
462 4 307
463 4 285
464 4 302
465 4 312
466 4 331
467 4 319
468 4 295
469 4 328
470 4 314
471 4 293
472 4 278
473 4 319
474 4 293
475 4 308
476 4 327
477 4 327
478 4 306
479 4 297
480 4 306
481 4 289
482 4 302
483 4 295
485 4 311
486 4 326
487 4 324
488 4 312
489 4 301
490 4 314
491 4 305
492 4 300
493 4 311
494 4 301
495 4 285
496 4 315
498 4 278
499 4 285
0 5 297
1 5 306
2 5 322
3 5 315
4 5 342
5 5 310
6 5 298
8 5 301
10 5 291
12 5 280
14 5 294
15 5 313
16 5 285
18 5 283
19 5 305
20 5 290
22 5 322
23 5 305
24 5 292
25 5 318
26 5 301
27 5 303
28 5 334
29 5 290
30 5 282
31 5 305
32 5 316
33 5 299
34 5 297
35 5 313
36 5 317
37 5 327
38 5 314
39 5 291
40 5 302
41 5 293
43 5 270
44 5 313
45 5 306
46 5 298
47 5 310
48 5 333
49 5 289
50 5 326
51 5 299
52 5 292
53 5 336
55 5 278
56 5 323
57 5 303
58 5 279
59 5 281
60 5 301
61 5 291
62 5 299
63 5 289
64 5 303
65 5 328
66 5 315
69 5 297
70 5 295
71 5 310
72 5 320
73 5 287
74 5 289
75 5 284
76 5 283
77 5 265
78 5 274
79 5 289
80 5 331
81 5 302
82 5 278
83 5 267
84 5 296
85 5 333
86 5 290
90 5 316
91 5 312
92 5 290
94 5 320
95 5 290
97 5 297
98 5 302
99 5 299
101 5 339
102 5 290
103 5 286
104 5 324
105 5 290
106 5 321
107 5 315
108 5 291
109 5 293
110 5 310
111 5 320
112 5 308
113 5 307
114 5 323
115 5 309
116 5 305
117 5 301
118 5 289
119 5 264
120 5 294
121 5 304
122 5 317
123 5 302
124 5 297
125 5 319
128 5 310
129 5 314
130 5 315
131 5 312
132 5 305
133 5 299
134 5 275
135 5 305
136 5 316
137 5 348
138 5 300
139 5 317
142 5 281
143 5 298
144 5 325
145 5 305
146 5 292
147 5 320
148 5 317
149 5 292
150 5 284
151 5 291
152 5 291
153 5 301
156 5 316
159 5 272
160 5 321
161 5 288
162 5 300
163 5 292
164 5 314
165 5 266
166 5 298
167 5 297
168 5 311
169 5 294
170 5 297
171 5 289
172 5 297
174 5 322
175 5 292
178 5 274
179 5 270
180 5 309
181 5 344
182 5 332
183 5 294
185 5 282
186 5 313
187 5 314
189 5 300
190 5 282
191 5 336
192 5 324
194 5 346
195 5 305
196 5 295
197 5 284
198 5 321
199 5 300
200 5 307
201 5 329
202 5 297
203 5 323
204 5 272
205 5 287
206 5 297
207 5 317
208 5 289
209 5 305
211 5 326
212 5 334
213 5 310
214 5 282
215 5 312
216 5 320
217 5 298
218 5 318
219 5 305
220 5 289
221 5 308
222 5 300
223 5 301
224 5 294
225 5 299
226 5 323
227 5 279
228 5 313
229 5 300
231 5 272
232 5 283
233 5 311
234 5 308
235 5 304
236 5 283
237 5 321
238 5 290
239 5 274
240 5 277
241 5 296
242 5 293
243 5 321
244 5 314
245 5 282
246 5 317
247 5 291
248 5 319
249 5 304
250 5 292
251 5 292
252 5 304
253 5 311
254 5 295
255 5 283
256 5 318
257 5 291
258 5 300
259 5 326
260 5 314
261 5 286
262 5 291
264 5 301
265 5 278
266 5 317
267 5 314
268 5 321
269 5 308
270 5 277
271 5 323
272 5 300
273 5 299
274 5 262
275 5 308
276 5 290
277 5 304
278 5 298
279 5 337
280 5 291
281 5 308
282 5 301
283 5 295
284 5 280
285 5 313
287 5 290
288 5 279
289 5 284
290 5 311
291 5 273
292 5 300
293 5 272
294 5 280
295 5 294
296 5 284
297 5 273
298 5 254
299 5 288
300 5 301
301 5 278
302 5 325
303 5 298
304 5 300
305 5 274
306 5 296
307 5 303
308 5 303
309 5 286
310 5 285
311 5 314
313 5 305
314 5 269
315 5 289
316 5 320
317 5 288
318 5 286
319 5 305
320 5 284
321 5 320
322 5 278
323 5 313
325 5 310
326 5 336
327 5 263
328 5 286
331 5 295
332 5 323
333 5 322
334 5 299
335 5 290
337 5 295
338 5 315
340 5 322
341 5 290
342 5 297
343 5 317
344 5 291
345 5 324
346 5 284
347 5 300
348 5 313
349 5 281
350 5 279
351 5 297
352 5 298
353 5 293
354 5 298
355 5 296
356 5 281
357 5 321
358 5 324
359 5 315
360 5 327
362 5 308
363 5 318
364 5 281
366 5 285
368 5 297
369 5 325
371 5 256
372 5 301
373 5 299
374 5 294
375 5 284
376 5 298
377 5 326
378 5 280
379 5 299
380 5 278
381 5 281
383 5 309
384 5 313
385 5 311
386 5 275
387 5 305
388 5 300
389 5 301
390 5 288
391 5 295
392 5 303
393 5 332
394 5 316
395 5 277
396 5 316
398 5 305
399 5 278
400 5 287
401 5 283
402 5 305
403 5 302
404 5 312
405 5 292
406 5 289
407 5 273
408 5 294
409 5 304
410 5 296
411 5 326
412 5 295
414 5 320
415 5 320
416 5 327
417 5 303
418 5 336
419 5 279
420 5 294
421 5 299
422 5 288
424 5 320
426 5 333
427 5 276
428 5 298
429 5 267
430 5 292
431 5 312
432 5 326
433 5 305
434 5 309
435 5 312
437 5 318
438 5 311
439 5 284
440 5 302
441 5 306
442 5 312
443 5 300
444 5 335
445 5 290
446 5 300
447 5 283
448 5 285
449 5 281
450 5 286
451 5 296
452 5 297
453 5 272
454 5 344
455 5 299
456 5 313
459 5 310
460 5 294
461 5 304
462 5 311
463 5 283
464 5 275
465 5 293
466 5 297
467 5 313
468 5 306
469 5 293
470 5 291
471 5 298
473 5 339
474 5 286
475 5 275
476 5 294
477 5 316
478 5 285
479 5 325
480 5 288
481 5 281
482 5 292
483 5 320
484 5 283
485 5 282
486 5 316
487 5 305
488 5 325
489 5 278
491 5 308
492 5 282
493 5 321
494 5 319
495 5 340
496 5 299
497 5 304
498 5 308
499 5 278
0 6 281
1 6 302
2 6 323
3 6 307
5 6 299
6 6 329
8 6 304
9 6 309
10 6 290
11 6 277
12 6 250
13 6 320
14 6 267
15 6 309
16 6 325
17 6 302
18 6 330
19 6 292
20 6 306
21 6 280
22 6 319
24 6 305
25 6 287
26 6 271
27 6 331
28 6 303
29 6 310
30 6 347
31 6 311
32 6 311
33 6 313
34 6 314
35 6 315
37 6 331
38 6 278
40 6 324
41 6 283
43 6 331
45 6 294
46 6 322
47 6 323
48 6 316
49 6 283
50 6 314
51 6 321
52 6 335
53 6 318
54 6 310
55 6 291
56 6 300
57 6 269
58 6 302
60 6 294
61 6 312
62 6 290
63 6 299
64 6 315
65 6 288
66 6 296
67 6 279
68 6 263
69 6 278
70 6 312
71 6 310
72 6 318
73 6 309
75 6 317
76 6 291
77 6 304
78 6 296
79 6 308
80 6 300
81 6 280
82 6 300
83 6 339
84 6 291
86 6 301
87 6 310
88 6 307
89 6 269
90 6 309
93 6 303
94 6 276
95 6 298
96 6 304
97 6 294
98 6 292
99 6 305
100 6 276
101 6 295
102 6 295
103 6 290
104 6 314
105 6 277
106 6 283
107 6 298
108 6 322
109 6 290
110 6 333
111 6 287
112 6 330
113 6 296
115 6 282
116 6 301
117 6 307
118 6 285
119 6 327
120 6 274
122 6 312
123 6 318
124 6 296
125 6 302
126 6 309
127 6 273
128 6 268
129 6 282
130 6 295
131 6 288
132 6 270
133 6 293
134 6 288
135 6 308
136 6 295
137 6 301
138 6 318
139 6 318
140 6 294
142 6 292
143 6 291
144 6 292
145 6 305
146 6 299
147 6 289
148 6 290
149 6 269
150 6 320
151 6 285
152 6 309
153 6 303
154 6 294
155 6 310
156 6 277
157 6 334
158 6 301
159 6 295
160 6 309
161 6 346
162 6 325
163 6 292
164 6 321
165 6 350
166 6 289
167 6 299
168 6 293
169 6 317
170 6 298
171 6 318
172 6 284
173 6 293
174 6 316
175 6 291
176 6 308
177 6 307
178 6 297
179 6 311
181 6 337
182 6 277
183 6 315
184 6 283
185 6 264
186 6 295
187 6 322
188 6 344
189 6 314
190 6 299
191 6 303
192 6 283
193 6 303
194 6 288
195 6 368
196 6 315
197 6 298
198 6 300
199 6 321
200 6 298
201 6 307
202 6 282
204 6 311
206 6 273
207 6 298
208 6 327
209 6 304
210 6 271
211 6 302
212 6 297
213 6 320
214 6 284
215 6 283
217 6 305
218 6 294
220 6 282
221 6 288
222 6 313
223 6 323
224 6 312
225 6 272
226 6 323
228 6 283
229 6 284
230 6 298
231 6 274
232 6 280
233 6 308
234 6 313
235 6 283
236 6 336
237 6 293
238 6 293
239 6 281
240 6 317
241 6 278
242 6 287
243 6 291
244 6 273
245 6 318
246 6 313
247 6 281
248 6 301
249 6 301
250 6 315
251 6 326
252 6 295
253 6 297
254 6 279
255 6 327
256 6 314
258 6 301
260 6 287
261 6 316
262 6 283
265 6 321
266 6 313
267 6 303
269 6 298
270 6 298
271 6 296
272 6 281
274 6 310
275 6 299
276 6 279
277 6 289
279 6 311
280 6 338
281 6 291
282 6 276
284 6 323
285 6 296
286 6 287
287 6 311
288 6 295
289 6 280
290 6 280
291 6 292
292 6 275
293 6 311
294 6 297
295 6 303
296 6 284
298 6 294
299 6 282
300 6 289
301 6 306
302 6 321
303 6 307
304 6 294
305 6 288
306 6 320
307 6 323
308 6 319
309 6 349
310 6 297
311 6 333
312 6 303
313 6 312
314 6 316
315 6 334
316 6 314
317 6 301
318 6 312
319 6 308
320 6 291
321 6 308
323 6 318
324 6 299
325 6 300
326 6 271
330 6 286
332 6 305
333 6 290
334 6 308
335 6 298
336 6 323
337 6 305
338 6 295
339 6 312
340 6 280
342 6 323
343 6 293
344 6 313
345 6 295
347 6 288
348 6 328
350 6 316
351 6 286
352 6 295
353 6 284
354 6 317
355 6 304
356 6 293
357 6 328
360 6 265
361 6 314
362 6 313
363 6 328
364 6 294
365 6 304
366 6 306
367 6 282
369 6 288
370 6 286
371 6 298
372 6 316
373 6 291
374 6 283
375 6 300
376 6 325
377 6 311
378 6 304
379 6 300
380 6 332
381 6 285
382 6 283
384 6 306
385 6 300
386 6 333
387 6 323
388 6 277
389 6 295
390 6 303
391 6 292
393 6 299
394 6 300
395 6 313
396 6 303
397 6 306
398 6 301
399 6 309
400 6 320
401 6 296
402 6 292
403 6 282
404 6 326
405 6 305
406 6 334
407 6 308
408 6 293
409 6 315
410 6 315
411 6 279
413 6 316
414 6 332
415 6 307
417 6 310
418 6 288
419 6 280
421 6 312
422 6 306
423 6 304
424 6 294
425 6 332
426 6 308
427 6 303
428 6 313
429 6 296
430 6 294
431 6 306
432 6 280
433 6 324
434 6 287
435 6 284
436 6 297
437 6 306
438 6 268
439 6 309
440 6 303
442 6 349
443 6 298
444 6 325
445 6 336
446 6 300
447 6 269
448 6 323
449 6 281
450 6 335
451 6 306
452 6 303
453 6 302
454 6 293
455 6 285
456 6 303
458 6 293
460 6 303
462 6 298
463 6 294
464 6 324
465 6 269
466 6 296
467 6 298
468 6 277
469 6 292
470 6 281
471 6 313
472 6 298
473 6 284
474 6 320
475 6 287
477 6 334
478 6 290
480 6 317
481 6 273
482 6 291
483 6 283
484 6 295
485 6 305
486 6 284
487 6 310
488 6 318
489 6 309
490 6 295
491 6 309
493 6 322
494 6 315
495 6 306
496 6 316
497 6 299
498 6 320
499 6 298
2 7 296
3 7 332
4 7 267
6 7 288
8 7 323
9 7 274
10 7 310
11 7 293
12 7 313
13 7 311
14 7 304
15 7 296
16 7 308
17 7 304
18 7 274
20 7 263
21 7 296
22 7 321
23 7 302
24 7 301
25 7 301
26 7 323
27 7 288
29 7 355
30 7 277
31 7 294
32 7 294
33 7 319
34 7 299
35 7 285
36 7 320
37 7 289
38 7 290
39 7 286
40 7 314
41 7 317
42 7 287
43 7 299
44 7 269
45 7 259
46 7 271
47 7 273
48 7 307
49 7 302
50 7 307
51 7 300
52 7 240
53 7 297
54 7 317
55 7 289
56 7 254
57 7 291
58 7 307
59 7 318
60 7 286
62 7 321
63 7 286
64 7 283
67 7 288
69 7 314
70 7 290
71 7 324
72 7 317
73 7 327
74 7 300
75 7 288
77 7 301
79 7 326
80 7 312
81 7 314
82 7 295
83 7 279
84 7 296
85 7 303
86 7 277
87 7 304
88 7 267
89 7 313
90 7 298
91 7 286
92 7 287
93 7 295
94 7 323
95 7 291
96 7 297
97 7 314
98 7 307
99 7 288
100 7 299
101 7 315
102 7 301
103 7 278
104 7 301
105 7 338
106 7 308
107 7 297
108 7 296
109 7 293
110 7 291
111 7 310
112 7 306
113 7 304
114 7 338
115 7 287
116 7 302
117 7 302
118 7 300
119 7 275
120 7 299
121 7 288
123 7 304
124 7 287
125 7 322
126 7 341
127 7 310
128 7 319
130 7 285
131 7 297
132 7 321
133 7 289
134 7 268
135 7 317
136 7 289
137 7 299
138 7 313
139 7 299
140 7 291
141 7 262
142 7 284
143 7 287
144 7 318
145 7 298
146 7 269
147 7 295
148 7 291
150 7 308
151 7 284
153 7 332
155 7 292
156 7 281
157 7 347
158 7 318
159 7 319
160 7 296
161 7 307
162 7 309
163 7 314
164 7 317
165 7 307
166 7 277
167 7 301
168 7 311
169 7 302
170 7 267
171 7 287
172 7 270
173 7 307
174 7 270
175 7 292
176 7 321
177 7 310
178 7 315
179 7 283
180 7 301
181 7 311
183 7 291
184 7 281
185 7 311
186 7 281
187 7 320
189 7 370
190 7 273
191 7 301
192 7 285
193 7 315
194 7 285
195 7 295
196 7 307
197 7 305
198 7 315
199 7 305
200 7 320
201 7 328
202 7 318
203 7 291
204 7 316
205 7 303
206 7 308
207 7 277
208 7 321
209 7 339
210 7 307
211 7 315
212 7 333
213 7 295
215 7 300
216 7 296
217 7 312
218 7 300
219 7 292
220 7 327
221 7 279
222 7 312
223 7 293
224 7 322
225 7 295
226 7 264
227 7 294
230 7 276
231 7 311
232 7 305
233 7 296
234 7 280
235 7 294
236 7 301
238 7 315
239 7 305
240 7 293
241 7 290
242 7 295
243 7 309
244 7 334
245 7 327
246 7 288
247 7 303
248 7 301
251 7 280
253 7 282
254 7 308
255 7 339
256 7 321
258 7 277
259 7 335
261 7 294
262 7 334
263 7 289
264 7 284
265 7 284
266 7 292
268 7 314
269 7 295
270 7 290
271 7 299
272 7 281
273 7 287
274 7 300
275 7 310
276 7 327
277 7 315
278 7 307
279 7 311
280 7 273
282 7 328
283 7 282
285 7 303
286 7 277
287 7 324
288 7 333
289 7 300
290 7 315
291 7 275
292 7 269
293 7 316
294 7 312
295 7 294
296 7 300
297 7 276
298 7 290
299 7 311
300 7 349
301 7 300
304 7 291
305 7 318
306 7 335
307 7 309
308 7 298
309 7 319
310 7 294
311 7 301
312 7 308
313 7 324
314 7 326
315 7 302
316 7 301
317 7 321
318 7 303
319 7 311
320 7 331
321 7 286
322 7 288
323 7 300
324 7 284
325 7 283
326 7 304
328 7 286
329 7 318
330 7 278
331 7 298
332 7 287
333 7 279
334 7 289
335 7 289
336 7 340
337 7 301
338 7 297
339 7 294
340 7 330
341 7 313
342 7 305
343 7 323
344 7 316
346 7 311
347 7 268
348 7 295
349 7 285
350 7 312
352 7 304
353 7 295
354 7 300
355 7 297
356 7 307
357 7 320
358 7 297
359 7 307
360 7 315
362 7 270
363 7 281
364 7 284
365 7 292
366 7 279
367 7 329
368 7 315
369 7 277
370 7 303
371 7 318
372 7 300
373 7 286
375 7 306
376 7 261
377 7 284
378 7 298
379 7 278
380 7 268
381 7 329
382 7 303
383 7 312
385 7 302
386 7 305
387 7 252
388 7 317
390 7 286
391 7 267
392 7 270
393 7 328
394 7 311
395 7 300
396 7 340
397 7 287
399 7 296
400 7 296
401 7 330
402 7 327
403 7 312
404 7 301
405 7 300
406 7 288
407 7 301
408 7 296
409 7 304
411 7 303
412 7 300
413 7 299
414 7 324
416 7 312
417 7 284
418 7 307
419 7 286
420 7 289
421 7 314
422 7 292
423 7 288
424 7 287
428 7 286
429 7 307
430 7 328
431 7 294
432 7 274
433 7 282
434 7 283
435 7 300
436 7 311
437 7 295
439 7 302
440 7 295
441 7 290
442 7 306
443 7 318
444 7 313
445 7 281
446 7 302
447 7 301
448 7 262
450 7 266
451 7 274
452 7 292
453 7 328
454 7 314
455 7 313
457 7 283
458 7 323
459 7 322
460 7 289
461 7 306
462 7 285
463 7 294
464 7 311
465 7 314
466 7 319
467 7 284
468 7 321
469 7 317
470 7 292
472 7 300
473 7 315
474 7 291
477 7 322
478 7 324
479 7 318
480 7 304
481 7 313
482 7 311
484 7 299
485 7 329
486 7 304
487 7 302
488 7 316
489 7 314
491 7 307
492 7 273
493 7 287
494 7 290
495 7 277
496 7 269
497 7 289
498 7 304
499 7 291
0 8 289
1 8 301
2 8 291
3 8 308
4 8 300
6 8 308
8 8 292
9 8 303
10 8 279
11 8 270
12 8 301
13 8 338
14 8 333
15 8 311
16 8 294
17 8 297
18 8 340
19 8 293
20 8 287
21 8 286
23 8 277
24 8 311
27 8 295
28 8 317
29 8 315
30 8 282
31 8 328
32 8 312
33 8 316
34 8 292
35 8 317
36 8 288
37 8 279
38 8 312
39 8 311
40 8 304
41 8 298
42 8 291
43 8 295
44 8 302
45 8 289
46 8 316
47 8 325
48 8 282
49 8 323
50 8 300
51 8 300
52 8 275
53 8 287
54 8 301
55 8 304
56 8 312
57 8 304
58 8 261
59 8 303
60 8 303
62 8 258
63 8 274
64 8 301
65 8 307
66 8 312
67 8 322
68 8 303
69 8 311
70 8 296
71 8 288
72 8 332
73 8 303
74 8 298
75 8 277
76 8 295
77 8 308
78 8 298
79 8 308
80 8 329
81 8 296
82 8 324
83 8 305
84 8 292
85 8 293
86 8 309
87 8 311
88 8 296
89 8 279
90 8 315
91 8 298
92 8 333
93 8 339
94 8 300
95 8 322
96 8 307
97 8 290
98 8 317
99 8 343
100 8 307
101 8 338
102 8 309
103 8 336
104 8 302
105 8 312
107 8 307
109 8 295
110 8 301
111 8 286
112 8 315
113 8 310
114 8 331
115 8 321
116 8 306
117 8 276
118 8 285
119 8 315
120 8 295
121 8 310
122 8 304
123 8 314
124 8 331
125 8 317
126 8 280
127 8 311
128 8 284
129 8 283
130 8 309
131 8 309
132 8 277
133 8 310
135 8 303
136 8 304
137 8 272
138 8 301
139 8 297
140 8 321
141 8 308
142 8 282
143 8 299
144 8 298
145 8 308
146 8 298
147 8 309
148 8 328
149 8 289
150 8 285
152 8 299
153 8 311
155 8 290
156 8 294
157 8 330
158 8 333
159 8 297
160 8 281
161 8 295
162 8 295
163 8 308
164 8 305
165 8 341
166 8 299
167 8 325
168 8 312
169 8 294
170 8 275
172 8 323
173 8 308
174 8 288
175 8 269
176 8 296
177 8 300
178 8 308
180 8 308
181 8 293
182 8 329
183 8 317
184 8 289
185 8 296
186 8 318
187 8 301
189 8 299
190 8 295
191 8 300
192 8 317
193 8 300
194 8 286
196 8 298
198 8 295
199 8 292
200 8 305
201 8 288
202 8 300
203 8 285
205 8 283
206 8 301
207 8 330
208 8 280
209 8 293
210 8 287
211 8 320
212 8 298
213 8 318
214 8 308
215 8 312
216 8 256
217 8 284
218 8 313
219 8 295
220 8 309
222 8 328
223 8 318
224 8 288
225 8 298
226 8 323
227 8 300
228 8 295
229 8 301
231 8 320
232 8 296
233 8 286
234 8 310
235 8 301
236 8 261
237 8 266
238 8 321
239 8 294
240 8 303
241 8 331
242 8 313
244 8 312
245 8 283
246 8 318
247 8 303
248 8 280
250 8 308
251 8 313
252 8 347
253 8 300
255 8 301
256 8 294
257 8 270
258 8 292
260 8 257
261 8 342
263 8 324
264 8 306
265 8 308
266 8 303
267 8 322
268 8 313
270 8 312
271 8 285
272 8 297
273 8 315
274 8 296
275 8 276
276 8 324
277 8 305
278 8 325
279 8 292
280 8 287
281 8 291
283 8 275
284 8 300
285 8 295
286 8 321
287 8 316
288 8 293
290 8 315
291 8 294
292 8 289
293 8 253
294 8 312
295 8 326
297 8 274
298 8 290
299 8 301
300 8 295
301 8 294
302 8 290
303 8 290
304 8 311
306 8 310
307 8 300
310 8 294
311 8 308
312 8 314
313 8 299
314 8 314
315 8 284
316 8 290
317 8 299
318 8 284
319 8 304
320 8 299
321 8 294
322 8 306
323 8 329
324 8 270
325 8 333
327 8 303
329 8 329
330 8 322
331 8 302
332 8 317
333 8 324
334 8 295
335 8 298
337 8 287
338 8 295
339 8 299
340 8 319
341 8 298
342 8 325
344 8 298
345 8 309
346 8 280
347 8 289
348 8 307
349 8 332
350 8 343
351 8 301
354 8 297
355 8 301
356 8 284
357 8 330
358 8 315
359 8 303
360 8 307
361 8 291
362 8 317
363 8 304
364 8 305
365 8 312
366 8 290
367 8 312
368 8 263
369 8 291
371 8 289
372 8 303
373 8 311
374 8 308
375 8 306
376 8 322
377 8 298
378 8 302
379 8 298
380 8 302
381 8 289
382 8 288
383 8 321
384 8 313
386 8 298
387 8 317
388 8 296
389 8 292
390 8 306
391 8 284
393 8 309
394 8 293
395 8 277
396 8 308
397 8 304
399 8 278
401 8 306
402 8 312
404 8 305
405 8 339
406 8 288
407 8 302
408 8 304
410 8 287
411 8 280
412 8 280
414 8 306
415 8 330
417 8 309
418 8 314
419 8 280
420 8 281
421 8 311
422 8 313
423 8 310
424 8 289
425 8 274
426 8 305
427 8 332
428 8 303
430 8 282
431 8 312
432 8 325
433 8 292
434 8 304
435 8 288
436 8 279
437 8 327
438 8 308
439 8 291
441 8 310
442 8 323
444 8 289
445 8 321
446 8 325
447 8 306
448 8 296
450 8 308
451 8 295
452 8 283
454 8 304
455 8 291
456 8 296
457 8 308
459 8 299
460 8 320
461 8 305
462 8 299
463 8 307
464 8 319
465 8 312
466 8 276
467 8 274
468 8 317
469 8 245
470 8 317
471 8 308
472 8 302
473 8 286
474 8 306
475 8 302
476 8 314
477 8 315
478 8 291
479 8 307
480 8 281
482 8 311
483 8 283
484 8 279
485 8 318
486 8 283
487 8 303
488 8 317
489 8 271
490 8 298
491 8 269
492 8 278
493 8 291
494 8 328
495 8 314
496 8 290
497 8 308
498 8 313
0 9 284
1 9 287
2 9 307
3 9 309
4 9 285
5 9 319
6 9 272
7 9 297
8 9 281
10 9 296
11 9 335
13 9 288
14 9 318
15 9 270
16 9 289
17 9 306
18 9 293
19 9 320
20 9 286
21 9 269
22 9 295
23 9 319
24 9 289
25 9 319
27 9 310
29 9 312
30 9 315
31 9 292
32 9 292
33 9 280
34 9 281
35 9 307
36 9 282
37 9 309
38 9 303
42 9 277
43 9 319
44 9 303
45 9 319
46 9 311
47 9 335
48 9 316
49 9 301
52 9 297
53 9 308
54 9 292
55 9 291
56 9 304
57 9 286
58 9 312
59 9 294
60 9 339
61 9 294
62 9 324
64 9 282
65 9 286
66 9 343
68 9 291
70 9 308
71 9 326
72 9 302
73 9 323
74 9 326
75 9 286
77 9 303
78 9 294
79 9 277
80 9 315
82 9 291
83 9 312
84 9 263
85 9 276
86 9 307
89 9 293
90 9 290
91 9 337
92 9 332
94 9 323
95 9 267
96 9 293
97 9 312
98 9 329
99 9 265
100 9 295
101 9 324
102 9 291
103 9 330
104 9 291
105 9 304
106 9 270
107 9 294
108 9 308
109 9 264
110 9 307
111 9 302
112 9 312
113 9 283
114 9 341
115 9 311
116 9 313
117 9 296
118 9 300
119 9 292
120 9 309
121 9 306
122 9 312
123 9 304
124 9 303
125 9 288
126 9 299
127 9 277
128 9 304
129 9 290
130 9 310
131 9 313
133 9 295
134 9 264
135 9 277
137 9 303
138 9 288
139 9 288
140 9 324
141 9 299
142 9 314
144 9 292
145 9 314
146 9 291
147 9 293
148 9 277
149 9 316
150 9 279
152 9 321
154 9 328
156 9 315
157 9 323
158 9 306
159 9 306
160 9 315
161 9 289
162 9 333
163 9 285
164 9 317
165 9 311
166 9 286
167 9 306
168 9 324
169 9 315
170 9 316
171 9 328
172 9 278
173 9 275
174 9 333
175 9 303
176 9 311
177 9 298
178 9 295
179 9 315
180 9 297
181 9 319
183 9 312
184 9 268
185 9 300
186 9 290
187 9 296
188 9 283
189 9 265
190 9 297
191 9 311
193 9 327
195 9 314
196 9 312
197 9 294
198 9 322
199 9 324
200 9 278
201 9 335
202 9 313
203 9 298
204 9 298
205 9 301
206 9 309
207 9 305
208 9 296
209 9 299
210 9 289
211 9 321
212 9 283
213 9 259
214 9 312
217 9 293
218 9 335
219 9 318
221 9 297
222 9 304
223 9 291
224 9 303
225 9 297
226 9 307
227 9 301
228 9 333
229 9 293
230 9 300
231 9 319
232 9 283
233 9 297
234 9 296
235 9 321
236 9 304
237 9 311
238 9 314
239 9 300
240 9 309
241 9 315
243 9 287
244 9 323
245 9 318
246 9 281
247 9 296
248 9 299
249 9 315
250 9 289
251 9 302
252 9 302
254 9 299
255 9 315
256 9 303
257 9 315
258 9 330
259 9 294
260 9 292
261 9 326
262 9 305
263 9 271
264 9 312
265 9 313
266 9 290
267 9 275
268 9 318
269 9 318
272 9 305
273 9 271
274 9 287
275 9 312
276 9 282
277 9 296
278 9 304
279 9 273
280 9 301
281 9 268
283 9 295
284 9 279
285 9 301
287 9 303
288 9 297
289 9 328
290 9 301
291 9 310
292 9 289
293 9 304
294 9 311
295 9 273
296 9 308
297 9 299
299 9 299
300 9 324
301 9 338
302 9 330
303 9 279
304 9 305
305 9 322
306 9 304
307 9 291
308 9 302
309 9 309
310 9 258
311 9 295
313 9 303
314 9 319
315 9 323
316 9 302
317 9 285
319 9 295
320 9 274
321 9 280
322 9 307
323 9 311
324 9 308
325 9 281
326 9 284
328 9 298
329 9 333
330 9 325
331 9 258
332 9 287
333 9 309
334 9 349
335 9 297
336 9 296
338 9 288
339 9 300
340 9 292
341 9 302
342 9 310
343 9 311
344 9 276
345 9 276
346 9 257
347 9 316
348 9 334
349 9 282
350 9 318
351 9 311
353 9 339
354 9 305
355 9 290
356 9 291
357 9 298
358 9 307
359 9 290
360 9 286
361 9 312
362 9 281
363 9 295
364 9 305
365 9 285
366 9 305
367 9 300
368 9 301
369 9 332
370 9 344
371 9 292
372 9 302
373 9 284
374 9 303
375 9 346
376 9 312
380 9 285
381 9 310
382 9 301
383 9 287
384 9 313
385 9 300
387 9 277
388 9 299
389 9 284
390 9 282
391 9 286
392 9 294
393 9 286
394 9 311
395 9 303
396 9 272
397 9 313
398 9 298
399 9 279
400 9 286
401 9 291
402 9 300
403 9 325
404 9 311
405 9 305
406 9 294
408 9 319
409 9 311
410 9 305
411 9 328
412 9 257
413 9 306
414 9 308
415 9 262
416 9 295
417 9 284
418 9 325
419 9 300
420 9 303
421 9 298
422 9 294
423 9 300
424 9 293
425 9 299
426 9 321
427 9 310
428 9 292
429 9 305
430 9 276
431 9 303
432 9 324
433 9 306
434 9 319
435 9 295
436 9 293
437 9 300
438 9 325
439 9 283
440 9 298
442 9 280
443 9 277
444 9 295
445 9 294
446 9 291
447 9 279
448 9 282
449 9 301
450 9 306
451 9 286
452 9 331
453 9 302
454 9 289
455 9 311
456 9 301
457 9 278
458 9 294
459 9 289
460 9 287
461 9 290
462 9 317
463 9 316
464 9 361
465 9 303
466 9 295
467 9 305
468 9 337
469 9 290
470 9 301
471 9 293
472 9 306
473 9 274
474 9 256
475 9 320
476 9 307
477 9 299
478 9 255
479 9 292
480 9 294
481 9 306
482 9 287
483 9 311
484 9 289
485 9 299
486 9 305
487 9 295
488 9 297
489 9 278
490 9 322
491 9 297
492 9 294
493 9 289
494 9 295
495 9 282
496 9 275
497 9 312
498 9 311
499 9 314
1 10 270
2 10 294
3 10 295
4 10 282
5 10 321
6 10 281
7 10 301
8 10 319
9 10 298
10 10 304
11 10 287
12 10 301
13 10 322
14 10 307
15 10 298
16 10 313
17 10 301
18 10 313
19 10 317
20 10 291
21 10 284
22 10 268
23 10 323
24 10 286
25 10 308
26 10 284
27 10 291
28 10 310
29 10 318
30 10 291
31 10 304
32 10 264
33 10 285
34 10 297
35 10 287
36 10 297
37 10 295
38 10 287
39 10 302
40 10 306
41 10 298
42 10 295
43 10 305
44 10 316
45 10 301
46 10 322
48 10 304
49 10 287
50 10 281
51 10 276
52 10 313
53 10 254
54 10 327
55 10 282
56 10 261
57 10 295
58 10 306
59 10 271
60 10 294
61 10 300
62 10 292
63 10 285
64 10 279
65 10 340
66 10 320
67 10 282
68 10 323
69 10 286
70 10 310
71 10 314
72 10 296
73 10 289
74 10 294
75 10 285
76 10 278
77 10 314
78 10 305
79 10 294
80 10 292
82 10 279
83 10 293
84 10 279
85 10 306
86 10 304
87 10 274
88 10 262
89 10 317
90 10 327
91 10 315
92 10 320
93 10 308
94 10 272
96 10 331
97 10 299
98 10 299
99 10 325
100 10 322
101 10 313
102 10 306
103 10 274
104 10 269
105 10 320
106 10 331
107 10 303
108 10 341
109 10 272
110 10 286
111 10 304
113 10 310
114 10 281
115 10 300
116 10 293
117 10 293
118 10 325
119 10 304
120 10 301
121 10 314
122 10 313
123 10 286
125 10 298
126 10 319
129 10 315
130 10 278
131 10 304
132 10 301
133 10 296
134 10 289
135 10 265
136 10 311
137 10 310
138 10 304
140 10 310
141 10 328
142 10 269
143 10 321
144 10 312
145 10 276
146 10 288
147 10 308
149 10 329
150 10 311
151 10 317
152 10 286
153 10 312
154 10 334
155 10 294
156 10 291
157 10 314
158 10 298
159 10 291
160 10 290
161 10 284
162 10 296
163 10 297
164 10 278
165 10 312
167 10 294
169 10 307
170 10 308
171 10 266
172 10 324
173 10 319
174 10 280
176 10 307
177 10 314
178 10 316
179 10 286
180 10 316
181 10 333
182 10 307
183 10 295
184 10 311
185 10 325
187 10 307
188 10 276
190 10 266
191 10 270
192 10 311
194 10 285
195 10 300
196 10 292
197 10 278
198 10 287
199 10 300
200 10 289
201 10 296
202 10 323
203 10 305
205 10 328
206 10 274
207 10 263
208 10 333
209 10 301
210 10 301
211 10 282
212 10 321
213 10 305
214 10 281
215 10 318
216 10 297
217 10 306
218 10 313
219 10 302
220 10 306
221 10 291
222 10 312
223 10 273
224 10 274
225 10 307
226 10 274
227 10 304
228 10 297
229 10 280
230 10 340
231 10 294
232 10 298
233 10 289
234 10 286
235 10 287
237 10 294
238 10 296
239 10 298
240 10 296
241 10 295
242 10 314
243 10 292
244 10 324
245 10 313
246 10 280
247 10 304
248 10 289
249 10 338
250 10 302
251 10 299
252 10 334
253 10 276
254 10 295
255 10 268
256 10 298
257 10 308
259 10 283
261 10 326
262 10 299
263 10 312
264 10 280
265 10 320
266 10 314
267 10 329
268 10 306
269 10 301
270 10 284
271 10 283
272 10 299
273 10 312
274 10 287
275 10 296
277 10 282
278 10 307
279 10 302
280 10 270
281 10 295
282 10 274
283 10 273
284 10 291
285 10 326
286 10 289
288 10 318
289 10 343
290 10 298
291 10 271
292 10 321
293 10 280
296 10 299
297 10 256
298 10 308
299 10 301
300 10 307
301 10 302
302 10 313
303 10 324
304 10 315
305 10 309
306 10 283
307 10 305
308 10 302
309 10 302
310 10 303
312 10 291
313 10 303
314 10 283
315 10 309
316 10 313
317 10 312
318 10 307
319 10 303
320 10 304
322 10 293
323 10 293
324 10 288
325 10 315
326 10 278
327 10 306
328 10 325
329 10 326
330 10 310
331 10 288
332 10 291
335 10 292
336 10 281
338 10 313
339 10 296
340 10 323
341 10 323
343 10 287
344 10 296
345 10 332
346 10 303
347 10 281
348 10 321
349 10 309
350 10 281
351 10 293
352 10 289
353 10 267
354 10 276
355 10 329
356 10 304
357 10 298
358 10 279
359 10 296
360 10 290
361 10 331
362 10 283
363 10 313
364 10 284
365 10 266
366 10 300
367 10 309
368 10 313
369 10 293
370 10 317
371 10 285
372 10 286
373 10 327
374 10 292
375 10 316
377 10 303
378 10 289
379 10 307
381 10 281
382 10 271
383 10 311
384 10 325
385 10 299
386 10 317
387 10 305
388 10 288
389 10 315
390 10 288
391 10 284
392 10 306
393 10 325
394 10 294
395 10 312
396 10 320
397 10 291
398 10 309
399 10 310
400 10 286
401 10 290
402 10 300
403 10 313
404 10 299
405 10 272
406 10 295
407 10 301
408 10 312
409 10 313
410 10 292
411 10 304
412 10 340
413 10 328
414 10 272
415 10 324
416 10 303
417 10 286
418 10 294
419 10 301
420 10 349
421 10 313
422 10 325
423 10 297
426 10 301
427 10 288
428 10 293
429 10 299
430 10 288
431 10 327
432 10 302
433 10 292
434 10 306
435 10 290
436 10 305
437 10 285
439 10 284
440 10 297
441 10 271
442 10 291
443 10 287
444 10 280
445 10 342
446 10 277
447 10 298
448 10 268
449 10 312
450 10 274
451 10 319
453 10 299
454 10 311
455 10 297
456 10 313
457 10 312
458 10 305
459 10 291
461 10 338
462 10 305
463 10 285
464 10 308
465 10 313
466 10 282
467 10 316
468 10 300
469 10 291
470 10 277
471 10 323
472 10 283
473 10 290
474 10 316
475 10 313
476 10 288
477 10 286
478 10 284
479 10 295
480 10 301
481 10 308
482 10 303
483 10 315
485 10 297
487 10 291
488 10 302
489 10 288
490 10 308
491 10 318
492 10 307
493 10 289
494 10 273
496 10 300
497 10 305
498 10 275
499 10 315
0 11 306
1 11 296
2 11 323
3 11 320
4 11 309
5 11 299
6 11 338
8 11 288
9 11 276
10 11 304
11 11 302
12 11 304
13 11 310
14 11 303
15 11 276
16 11 318
17 11 332
18 11 309
19 11 267
20 11 308
21 11 285
22 11 313
23 11 300
24 11 329
25 11 288
26 11 331
27 11 244
28 11 287
29 11 297
31 11 284
32 11 309
34 11 285
35 11 285
36 11 292
37 11 341
38 11 301
39 11 264
40 11 256
41 11 304
42 11 293
43 11 300
45 11 328
46 11 289
47 11 309
48 11 285
49 11 282
50 11 313
51 11 320
52 11 332
53 11 321
54 11 270
55 11 295
56 11 277
57 11 302
58 11 292
59 11 312
60 11 289
61 11 297
62 11 308
63 11 297
64 11 300
65 11 307
66 11 308
67 11 287
68 11 279
69 11 322
71 11 308
72 11 309
73 11 299
74 11 295
75 11 303
76 11 312
77 11 307
78 11 315
79 11 272
80 11 312
81 11 279
82 11 306
83 11 264
84 11 280
85 11 296
86 11 310
87 11 297
88 11 301
89 11 321
90 11 340
91 11 349
92 11 281
94 11 292
95 11 272
96 11 296
97 11 313
98 11 315
99 11 325
100 11 305
101 11 311
102 11 284
103 11 331
104 11 306
105 11 296
106 11 285
107 11 315
108 11 314
109 11 303
110 11 306
111 11 280
112 11 324
113 11 316
114 11 275
115 11 311
116 11 333
117 11 296
118 11 298
119 11 304
120 11 314
122 11 298
123 11 306
124 11 316
125 11 270
126 11 323
127 11 277
128 11 307
129 11 342
130 11 319
131 11 305
132 11 291
134 11 335
135 11 286
136 11 291
138 11 286
139 11 284
140 11 324
142 11 311
143 11 278
144 11 305
145 11 277
146 11 320
147 11 293
148 11 283
149 11 325
150 11 298
151 11 278
152 11 261
154 11 296
155 11 301
156 11 296
157 11 280
158 11 298
159 11 307
160 11 312
161 11 306
162 11 288
163 11 298
164 11 298
165 11 291
166 11 282
168 11 278
169 11 273
171 11 279
172 11 338
173 11 298
175 11 322
176 11 303
177 11 302
178 11 313
179 11 298
180 11 286
181 11 304
182 11 311
183 11 315
184 11 318
186 11 294
187 11 285
189 11 310
190 11 305
191 11 295
192 11 298
193 11 279
194 11 288
195 11 283
196 11 302
197 11 312
198 11 304
199 11 280
200 11 311
201 11 316
202 11 304
203 11 316
204 11 321
205 11 277
206 11 310
207 11 321
208 11 284
209 11 299
210 11 336
213 11 299
214 11 314
215 11 293
216 11 305
217 11 312
218 11 313
219 11 304
221 11 304
222 11 284
223 11 272
224 11 273
225 11 289
226 11 311
227 11 296
228 11 290
229 11 306
230 11 321
231 11 302
232 11 287
233 11 268
234 11 288
235 11 315
236 11 292
237 11 283
239 11 278
240 11 298
241 11 324
242 11 297
243 11 315
244 11 312
245 11 312
246 11 313
247 11 294
248 11 263
249 11 309
250 11 304
251 11 300
252 11 322
253 11 301
254 11 295
255 11 311
256 11 285
257 11 312
258 11 277
259 11 346
260 11 289
262 11 304
263 11 305
264 11 311
265 11 295
267 11 284
269 11 318
270 11 300
272 11 270
273 11 271
274 11 292
275 11 313
276 11 309
278 11 295
280 11 318
281 11 325
282 11 328
283 11 283
284 11 265
286 11 289
287 11 315
288 11 291
290 11 289
291 11 299
292 11 301
293 11 274
294 11 310
295 11 283
296 11 282
297 11 290
298 11 294
299 11 279
300 11 330
301 11 296
302 11 303
303 11 304
304 11 323
305 11 291
306 11 288
307 11 300
308 11 278
309 11 300
310 11 291
311 11 281
312 11 284
313 11 316
314 11 306
315 11 317
316 11 307
318 11 297
320 11 290
321 11 295
322 11 302
323 11 327
324 11 311
325 11 316
326 11 329
327 11 314
328 11 326
329 11 296
330 11 299
331 11 286
332 11 299
333 11 310
334 11 327
335 11 293
336 11 335
337 11 296
339 11 310
340 11 285
342 11 326
343 11 293
344 11 281
345 11 305
346 11 297
347 11 263
348 11 269
349 11 311
351 11 270
352 11 284
353 11 299
354 11 287
355 11 303
356 11 286
358 11 301
360 11 365
361 11 293
362 11 329
363 11 278
364 11 314
365 11 278
366 11 289
367 11 315
368 11 299
369 11 291
370 11 300
371 11 301
372 11 304
373 11 297
374 11 302
375 11 295
377 11 302
378 11 304
379 11 281
380 11 323
381 11 294
382 11 299
383 11 275
384 11 307
385 11 301
386 11 303
387 11 281
388 11 310
389 11 331
390 11 286
391 11 317
392 11 323
393 11 297
394 11 304
395 11 281
396 11 303
397 11 295
398 11 316
400 11 305
401 11 291
402 11 284
403 11 310
404 11 297
405 11 277
407 11 301
408 11 288
409 11 293
410 11 288
411 11 295
412 11 322
413 11 272
414 11 310
415 11 311
416 11 310
417 11 302
418 11 305
419 11 313
420 11 309
421 11 285
422 11 312
423 11 317
424 11 314
426 11 325
427 11 290
428 11 316
429 11 319
431 11 272
432 11 306
433 11 303
434 11 328
435 11 300
436 11 311
437 11 302
439 11 293
440 11 310
441 11 311
442 11 302
443 11 306
444 11 295
445 11 277
446 11 306
447 11 280
448 11 293
449 11 282
450 11 282
451 11 275
452 11 311
453 11 330
454 11 294
455 11 290
456 11 297
457 11 318
458 11 323
459 11 298
460 11 327
461 11 304
462 11 294
463 11 306
464 11 300
465 11 307
467 11 279
468 11 289
469 11 310
470 11 302
472 11 296
473 11 315
474 11 276
475 11 310
476 11 294
477 11 305
478 11 328
479 11 309
480 11 290
481 11 295
482 11 308
483 11 299
484 11 307
485 11 290
486 11 293
487 11 322
488 11 326
489 11 307
490 11 289
491 11 303
492 11 279
494 11 330
495 11 335
496 11 315
497 11 297
498 11 294
499 11 321
0 12 300
1 12 300
2 12 296
3 12 305
4 12 325
5 12 291
6 12 275
7 12 325
8 12 286
9 12 312
10 12 299
11 12 318
12 12 296
13 12 304
15 12 309
16 12 318
17 12 285
18 12 323
19 12 305
20 12 286
22 12 302
23 12 296
25 12 312
26 12 299
28 12 304
29 12 288
31 12 297
32 12 313
33 12 296
34 12 285
35 12 304
36 12 309
37 12 285
38 12 268
39 12 295
40 12 281
41 12 300
42 12 308
43 12 293
44 12 290
45 12 273
46 12 302
48 12 310
49 12 287
50 12 325
51 12 304
53 12 282
54 12 299
55 12 281
56 12 311
57 12 296
58 12 300
59 12 297
60 12 300
61 12 279
62 12 308
63 12 317
64 12 326
65 12 309
66 12 309
67 12 296
68 12 296
69 12 296
70 12 310
71 12 318
72 12 281
74 12 328
75 12 289
76 12 316
77 12 306
78 12 302
79 12 272
80 12 261
81 12 301
82 12 279
83 12 303
84 12 295
85 12 325
86 12 330
87 12 298
88 12 305
89 12 293
90 12 298
91 12 278
92 12 303
93 12 315
94 12 298
97 12 277
98 12 326
99 12 284
100 12 302
101 12 305
102 12 294
103 12 303
104 12 306
105 12 331
106 12 311
107 12 303
108 12 325
109 12 278
110 12 321
111 12 317
112 12 307
113 12 293
114 12 293
115 12 292
116 12 307
117 12 277
118 12 281
119 12 306
120 12 297
121 12 330
122 12 274
123 12 283
124 12 313
125 12 317
126 12 317
127 12 316
128 12 288
129 12 285
130 12 287
131 12 282
132 12 302
133 12 285
134 12 296
135 12 294
136 12 292
137 12 310
138 12 285
139 12 303
140 12 320
141 12 323
142 12 299
143 12 312
144 12 314
145 12 287
146 12 312
147 12 308
148 12 328
149 12 327
150 12 286
151 12 323
152 12 320
153 12 301
155 12 304
156 12 295
157 12 282
158 12 301
159 12 318
160 12 284
161 12 308
162 12 254
163 12 326
164 12 297
165 12 288
166 12 341
168 12 304
169 12 307
170 12 300
172 12 313
173 12 318
174 12 297
175 12 270
176 12 295
177 12 284
178 12 323
179 12 293
180 12 330
181 12 278
184 12 292
185 12 303
186 12 298
187 12 296
188 12 312
189 12 290
190 12 290
191 12 299
193 12 291
195 12 317
196 12 302
197 12 332
198 12 299
199 12 276
200 12 298
201 12 306
202 12 287
203 12 269
204 12 314
205 12 297
206 12 311
207 12 297
208 12 312
209 12 302
210 12 275
211 12 317
213 12 299
214 12 288
215 12 280
216 12 317
217 12 263
218 12 309
220 12 293
222 12 298
223 12 324
224 12 299
226 12 314
227 12 309
228 12 301
230 12 283
231 12 314
232 12 300
233 12 313
234 12 301
235 12 310
236 12 276
237 12 276
238 12 305
239 12 307
240 12 301
242 12 314
245 12 315
246 12 289
247 12 300
249 12 314
250 12 334
251 12 303
252 12 302
253 12 256
255 12 295
256 12 324
257 12 320
258 12 320
259 12 289
260 12 303
261 12 308
262 12 282
263 12 292
264 12 304
265 12 313
266 12 295
267 12 291
268 12 296
269 12 309
270 12 262
271 12 288
272 12 329
273 12 277
274 12 308
275 12 317
276 12 281
277 12 292
279 12 290
281 12 299
282 12 301
284 12 286
286 12 317
287 12 274
288 12 296
289 12 281
290 12 320
291 12 329
292 12 337
293 12 276
294 12 297
295 12 323
296 12 318
297 12 329
298 12 297
301 12 312
302 12 297
303 12 330
304 12 285
305 12 285
306 12 315
307 12 282
309 12 290
310 12 305
311 12 305
312 12 297
314 12 311
315 12 302
316 12 319
317 12 297
318 12 306
319 12 302
320 12 300
321 12 286
322 12 308
323 12 295
325 12 311
326 12 313
327 12 305
328 12 309
329 12 280
330 12 279
331 12 282
332 12 296
333 12 326
334 12 241
335 12 298
336 12 305
337 12 316
338 12 311
339 12 323
340 12 327
341 12 310
342 12 285
343 12 297
344 12 288
345 12 296
346 12 322
348 12 297
349 12 280
350 12 301
351 12 276
352 12 321
353 12 315
354 12 251
355 12 299
356 12 279
357 12 312
358 12 301
359 12 311
360 12 313
361 12 298
362 12 301
363 12 292
364 12 297
366 12 349
367 12 284
368 12 304
369 12 310
370 12 335
371 12 278
372 12 316
373 12 286
374 12 302
375 12 278
376 12 306
377 12 299
378 12 281
379 12 284
380 12 294
381 12 301
382 12 311
383 12 296
385 12 310
387 12 297
389 12 324
390 12 308
392 12 301
393 12 271
394 12 283
395 12 290
396 12 292
397 12 293
398 12 305
399 12 310
400 12 298
401 12 314
402 12 287
403 12 296
404 12 303
405 12 315
407 12 298
408 12 314
409 12 315
410 12 275
411 12 301
412 12 317
413 12 301
414 12 314
415 12 281
416 12 314
417 12 289
418 12 295
419 12 296
420 12 311
421 12 280
422 12 297
423 12 309
424 12 283
425 12 299
426 12 325
428 12 309
429 12 285
430 12 322
431 12 275
433 12 291
434 12 292
435 12 303
436 12 295
437 12 301
438 12 319
439 12 315
440 12 306
441 12 340
442 12 292
444 12 317
445 12 312
446 12 291
447 12 322
448 12 308
450 12 330
451 12 302
452 12 312
453 12 278
454 12 341
455 12 283
456 12 306
457 12 298
458 12 286
459 12 293
460 12 292
461 12 281
462 12 293
463 12 275
464 12 288
465 12 299
466 12 315
467 12 316
468 12 321
469 12 300
470 12 307
471 12 284
472 12 275
473 12 299
474 12 258
475 12 332
476 12 291
477 12 320
478 12 288
479 12 283
480 12 296
481 12 302
482 12 288
484 12 289
485 12 317
486 12 312
487 12 309
488 12 305
489 12 291
490 12 332
491 12 287
492 12 303
493 12 326
495 12 288
496 12 295
498 12 285
499 12 295
0 13 263
1 13 279
2 13 306
3 13 291
4 13 305
5 13 304
7 13 311
8 13 302
9 13 318
10 13 311
11 13 298
13 13 263
14 13 309
15 13 332
16 13 292
17 13 293
18 13 316
19 13 291
20 13 273
21 13 291
22 13 299
23 13 300
24 13 297
26 13 295
27 13 280
28 13 323
29 13 303
30 13 285
31 13 321
32 13 274
33 13 298
34 13 306
36 13 300
37 13 303
38 13 294
39 13 283
40 13 289
41 13 288
42 13 305
43 13 272
45 13 299
46 13 310
47 13 275
48 13 310
49 13 316
50 13 324
51 13 324
54 13 296
55 13 298
56 13 308
57 13 303
58 13 268
59 13 285
60 13 323
61 13 301
62 13 277
63 13 308
64 13 324
65 13 287
66 13 286
67 13 293
68 13 301
69 13 302
71 13 265
72 13 307
73 13 300
75 13 320
76 13 287
79 13 289
80 13 310
81 13 320
82 13 296
83 13 311
84 13 269
85 13 312
86 13 282
88 13 317
90 13 324
91 13 277
92 13 315
93 13 290
94 13 317
95 13 311
96 13 278
97 13 293
98 13 317
99 13 320
100 13 328
101 13 314
102 13 305
104 13 297
105 13 340
106 13 257
107 13 312
108 13 283
109 13 298
110 13 316
111 13 344
112 13 330
113 13 301
114 13 291
115 13 308
116 13 291
117 13 290
118 13 289
119 13 308
120 13 318
121 13 313
122 13 287
123 13 306
124 13 330
125 13 329
126 13 318
127 13 287
128 13 300
129 13 295
130 13 277
131 13 278
132 13 300
133 13 288
134 13 298
135 13 301
136 13 265
137 13 315
138 13 281
139 13 282
140 13 297
141 13 276
142 13 296
143 13 274
144 13 298
146 13 326
147 13 281
148 13 323
149 13 302
150 13 294
151 13 271
152 13 290
153 13 291
154 13 302
156 13 304
157 13 303
158 13 298
159 13 289
161 13 319
162 13 284
163 13 310
164 13 305
165 13 303
166 13 314
167 13 311
168 13 322
169 13 316
170 13 286
171 13 305
172 13 318
173 13 294
174 13 297
175 13 301
176 13 306
177 13 301
178 13 296
179 13 298
180 13 313
181 13 296
182 13 287
183 13 261
184 13 296
185 13 291
186 13 301
187 13 333
188 13 267
189 13 316
190 13 328
191 13 307
192 13 312
193 13 300
194 13 306
195 13 313
196 13 283
197 13 315
199 13 326
200 13 295
201 13 305
202 13 290
203 13 312
204 13 278
205 13 350
206 13 269
207 13 328
208 13 317
209 13 313
210 13 293
211 13 305
212 13 273
213 13 308
214 13 312
215 13 318
216 13 298
217 13 318
218 13 329
219 13 308
220 13 288
221 13 279
222 13 322
223 13 294
224 13 310
225 13 271
226 13 312
227 13 302
228 13 306
229 13 308
230 13 328
231 13 298
232 13 333
234 13 303
235 13 319
236 13 311
237 13 283
238 13 304
239 13 299
240 13 291
241 13 313
242 13 297
243 13 331
244 13 290
245 13 283
246 13 289
247 13 296
248 13 319
249 13 306
250 13 315
251 13 313
252 13 299
253 13 322
254 13 302
255 13 323
256 13 280
257 13 316
258 13 312
259 13 302
260 13 305
261 13 268
262 13 270
263 13 296
264 13 314
265 13 305
266 13 289
267 13 296
268 13 284
269 13 320
270 13 294
271 13 333
272 13 309
273 13 310
274 13 289
275 13 296
276 13 322
277 13 294
278 13 310
279 13 320
281 13 300
282 13 298
283 13 320
285 13 298
286 13 271
287 13 320
288 13 316
289 13 323
290 13 263
291 13 303
292 13 282
293 13 295
294 13 290
295 13 305
296 13 298
298 13 298
299 13 327
300 13 320
301 13 320
302 13 310
304 13 285
305 13 276
306 13 267
307 13 294
308 13 289
309 13 278
310 13 293
311 13 276
312 13 327
313 13 293
315 13 264
316 13 290
317 13 292
318 13 329
319 13 296
320 13 312
321 13 282
322 13 301
323 13 285
324 13 286
325 13 295
326 13 277
327 13 323
328 13 287
329 13 265
332 13 323
333 13 302
334 13 296
335 13 300
336 13 326
337 13 288
338 13 323
339 13 306
340 13 293
341 13 279
342 13 289
343 13 312
344 13 302
346 13 299
347 13 297
348 13 310
349 13 309
350 13 305
351 13 294
354 13 292
355 13 288
356 13 289
357 13 283
358 13 292
359 13 298
360 13 302
361 13 303
362 13 286
363 13 318
364 13 305
365 13 297
366 13 320
367 13 306
368 13 299
369 13 298
370 13 310
371 13 305
373 13 302
375 13 307
376 13 291
377 13 312
378 13 326
380 13 285
381 13 282
382 13 292
383 13 290
384 13 300
386 13 282
387 13 291
388 13 322
390 13 285
391 13 312
392 13 316
393 13 327
395 13 304
396 13 311
398 13 289
399 13 289
400 13 307
401 13 329
402 13 325
403 13 312
404 13 323
405 13 295
406 13 294
407 13 317
409 13 307
410 13 311
411 13 286
414 13 306
415 13 286
416 13 296
417 13 311
418 13 308
421 13 302
422 13 272
423 13 288
424 13 312
425 13 307
426 13 280
428 13 281
429 13 329
430 13 300
431 13 296
434 13 272
435 13 280
436 13 311
437 13 308
438 13 294
439 13 316
440 13 298
441 13 289
442 13 304
443 13 289
444 13 315
445 13 291
446 13 304
448 13 291
449 13 291
450 13 285
451 13 319
453 13 293
454 13 282
455 13 311
456 13 293
458 13 308
459 13 309
460 13 319
461 13 336
462 13 318
463 13 286
464 13 273
465 13 311
466 13 311
467 13 313
469 13 294
470 13 287
471 13 287
472 13 297
473 13 300
474 13 288
475 13 283
476 13 282
477 13 308
478 13 273
479 13 304
480 13 297
481 13 294
482 13 301
483 13 291
484 13 312
485 13 318
486 13 298
487 13 288
488 13 305
489 13 276
490 13 302
491 13 300
492 13 302
493 13 293
494 13 309
495 13 307
496 13 319
497 13 316
499 13 278
0 14 319
1 14 321
2 14 304
3 14 314
4 14 304
5 14 290
6 14 316
8 14 296
9 14 316
10 14 310
11 14 311
12 14 271
13 14 298
14 14 305
15 14 284
17 14 340
18 14 281
19 14 330
20 14 297
21 14 307
24 14 309
25 14 312
26 14 274
27 14 285
28 14 329
29 14 282
30 14 302
31 14 314
32 14 282
33 14 308
34 14 308
35 14 285
38 14 283
39 14 331
40 14 307
41 14 281
42 14 276
45 14 325
46 14 299
47 14 294
48 14 288
49 14 292
50 14 309
51 14 311
54 14 312
55 14 321
56 14 298
57 14 286
58 14 270
59 14 343
60 14 290
61 14 287
62 14 282
63 14 303
64 14 318
65 14 289
66 14 301
67 14 291
68 14 284
69 14 276
70 14 313
71 14 297
72 14 298
73 14 320
74 14 320
75 14 277
76 14 331
77 14 286
78 14 305
79 14 303
80 14 317
81 14 310
82 14 295
83 14 274
84 14 265
85 14 308
86 14 301
87 14 277
88 14 287
89 14 316
90 14 294
91 14 304
92 14 314
93 14 297
94 14 309
95 14 289
96 14 286
97 14 317
98 14 308
99 14 301
100 14 317
101 14 281
102 14 322
103 14 327
104 14 333
105 14 304
106 14 308
107 14 296
108 14 317
109 14 280
110 14 319
111 14 298
113 14 319
114 14 297
115 14 279
116 14 302
117 14 328
118 14 298
120 14 307
121 14 295
122 14 306
123 14 302
124 14 290
125 14 277
126 14 314
128 14 307
129 14 293
130 14 313
131 14 306
132 14 304
133 14 316
134 14 341
135 14 333
136 14 328
137 14 314
139 14 313
140 14 325
141 14 323
142 14 321
143 14 298
144 14 308
145 14 335
146 14 293
147 14 303
148 14 309
149 14 270
150 14 330
151 14 295
152 14 297
153 14 281
154 14 295
155 14 299
156 14 312
157 14 320
159 14 305
160 14 323
161 14 325
162 14 303
163 14 299
164 14 312
165 14 313
166 14 311
167 14 301
169 14 296
170 14 299
171 14 270
172 14 313
173 14 308
174 14 306
175 14 289
176 14 285
177 14 297
178 14 321
179 14 305
180 14 313
182 14 308
183 14 310
184 14 279
185 14 313
186 14 292
187 14 293
188 14 334
189 14 287
190 14 298
191 14 296
192 14 298
193 14 333
194 14 318
195 14 296
196 14 292
197 14 297
198 14 305
199 14 295
200 14 299
201 14 323
202 14 301
203 14 314
204 14 300
205 14 288
206 14 315
207 14 274
208 14 289
209 14 298
210 14 291
211 14 273
212 14 290
213 14 298
214 14 293
215 14 308
216 14 330
217 14 314
218 14 320
219 14 301
220 14 315
221 14 340
222 14 306
223 14 295
224 14 276
225 14 291
226 14 331
227 14 290
228 14 313
229 14 308
230 14 312
231 14 293
232 14 337
233 14 316
234 14 296
235 14 311
237 14 284
238 14 292
239 14 293
240 14 313
241 14 315
242 14 289
243 14 302
245 14 305
246 14 326
248 14 339
249 14 287
251 14 314
252 14 293
253 14 292
254 14 276
255 14 308
256 14 319
257 14 285
258 14 287
259 14 305
261 14 292
263 14 329
264 14 277
265 14 273
267 14 305
268 14 301
269 14 276
270 14 297
271 14 336
272 14 287
273 14 304
274 14 304
275 14 289
276 14 288
277 14 276
278 14 296
279 14 300
280 14 315
281 14 323
282 14 321
283 14 295
284 14 322
285 14 315
286 14 342
287 14 305
288 14 331
289 14 268
290 14 289
291 14 306
292 14 290
293 14 293
294 14 301
296 14 294
297 14 300
298 14 294
299 14 316
300 14 299
301 14 312
302 14 303
303 14 332
304 14 302
305 14 313
307 14 310
308 14 288
309 14 301
310 14 295
311 14 288
312 14 277
313 14 317
314 14 313
315 14 295
316 14 289
317 14 307
318 14 312
319 14 314
320 14 312
321 14 302
323 14 268
324 14 283
325 14 296
326 14 314
328 14 321
329 14 286
330 14 323
331 14 270
332 14 271
333 14 307
334 14 271
335 14 294
336 14 269
338 14 267
340 14 304
341 14 280
342 14 289
343 14 286
344 14 306
345 14 320
346 14 310
347 14 291
348 14 295
349 14 301
350 14 278
351 14 290
353 14 297
354 14 284
355 14 288
356 14 298
357 14 304
358 14 301
359 14 294
360 14 305
361 14 299
362 14 289
363 14 321
364 14 322
366 14 303
367 14 288
368 14 318
369 14 296
370 14 319
371 14 299
372 14 301
373 14 302
374 14 279
375 14 302
376 14 307
377 14 310
378 14 303
379 14 289
380 14 307
381 14 306
382 14 307
383 14 297
384 14 332
385 14 309
386 14 285
387 14 297
388 14 320
389 14 310
390 14 274
391 14 274
392 14 284
393 14 300
394 14 294
395 14 289
396 14 325
397 14 304
398 14 264
399 14 284
400 14 313
401 14 313
402 14 315
403 14 282
404 14 288
406 14 306
407 14 308
408 14 289
409 14 290
410 14 303
411 14 284
412 14 287
413 14 306
414 14 275
415 14 312
417 14 301
418 14 303
419 14 288
420 14 323
421 14 320
422 14 330
423 14 279
424 14 278
425 14 310
426 14 283
428 14 298
429 14 284
430 14 306
431 14 314
432 14 301
433 14 293
434 14 318
435 14 296
438 14 282
439 14 277
440 14 308
441 14 306
442 14 286
443 14 315
444 14 305
445 14 316
446 14 306
447 14 294
448 14 283
449 14 277
450 14 278
451 14 330
452 14 314
453 14 321
455 14 316
456 14 314
457 14 287
458 14 293
459 14 295
460 14 286
461 14 289
462 14 317
464 14 279
465 14 324
466 14 298
467 14 306
468 14 325
469 14 316
470 14 288
471 14 305
472 14 316
473 14 304
474 14 326
475 14 285
476 14 295
478 14 289
479 14 297
480 14 336
481 14 289
482 14 294
483 14 292
484 14 327
485 14 324
486 14 314
487 14 296
489 14 253
490 14 318
491 14 301
492 14 298
493 14 319
494 14 264
496 14 298
497 14 347
498 14 293
499 14 296
1 15 311
3 15 282
4 15 281
5 15 315
6 15 325
7 15 274
8 15 316
9 15 278
10 15 252
11 15 285
12 15 282
13 15 310
14 15 295
15 15 313
16 15 290
17 15 300
18 15 313
19 15 315
20 15 301
21 15 281
22 15 302
23 15 267
24 15 305
25 15 310
26 15 291
28 15 285
29 15 285
30 15 292
31 15 287
32 15 303
33 15 289
34 15 306
35 15 277
37 15 330
38 15 295
39 15 302
40 15 277
41 15 295
42 15 286
43 15 280
44 15 339
45 15 285
46 15 316
47 15 303
48 15 311
49 15 295
50 15 299
51 15 291
52 15 301
53 15 326
54 15 314
55 15 320
56 15 274
57 15 323
58 15 286
59 15 295
60 15 281
62 15 309
63 15 309
64 15 294
65 15 302
66 15 304
67 15 312
68 15 274
70 15 316
71 15 326
72 15 284
73 15 281
74 15 334
75 15 316
76 15 314
78 15 295
79 15 299
80 15 294
81 15 277
82 15 285
83 15 306
84 15 317
85 15 292
86 15 312
87 15 306
88 15 325
89 15 302
90 15 267
91 15 311
92 15 280
93 15 324
94 15 320
95 15 283
96 15 302
97 15 298
98 15 267
99 15 290
100 15 280
101 15 292
102 15 309
103 15 332
104 15 331
105 15 311
106 15 292
107 15 297
108 15 313
109 15 317
111 15 276
112 15 316
113 15 337
114 15 295
115 15 329
116 15 288
117 15 298
118 15 302
119 15 294
120 15 265
121 15 317
122 15 313
123 15 304
124 15 280
126 15 277
127 15 274
128 15 318
130 15 316
131 15 292
132 15 291
133 15 289
134 15 287
135 15 322
136 15 284
137 15 319
138 15 307
139 15 328
140 15 306
142 15 268
143 15 338
144 15 309
145 15 296
146 15 293
148 15 304
149 15 301
150 15 294
151 15 338
152 15 292
153 15 284
154 15 243
155 15 291
156 15 322
157 15 272
159 15 293
160 15 297
161 15 309
162 15 289
163 15 274
164 15 281
165 15 304
166 15 309
167 15 289
168 15 305
170 15 297
171 15 282
172 15 308
173 15 296
174 15 330
175 15 302
176 15 329
178 15 308
179 15 311
180 15 301
182 15 309
183 15 294
184 15 313
186 15 276
187 15 282
188 15 295
190 15 343
191 15 308
192 15 308
193 15 357
194 15 304
195 15 307
196 15 337
197 15 347
198 15 315
199 15 312
200 15 291
201 15 300
202 15 285
203 15 315
204 15 295
205 15 289
206 15 294
207 15 320
208 15 272
209 15 292
210 15 298
211 15 322
212 15 287
213 15 313
214 15 294
216 15 275
217 15 295
218 15 306
220 15 302
221 15 315
222 15 291
223 15 325
224 15 276
225 15 277
226 15 312
228 15 320
230 15 291
231 15 297
232 15 299
233 15 303
234 15 308
236 15 302
237 15 340
238 15 288
239 15 321
241 15 297
242 15 321
243 15 303
244 15 309
245 15 309
246 15 291
247 15 310
248 15 292
249 15 298
250 15 308
251 15 309
252 15 313
253 15 301
254 15 290
255 15 295
256 15 286
257 15 321
258 15 304
259 15 298
260 15 307
261 15 323
262 15 274
265 15 294
266 15 316
268 15 334
269 15 308
270 15 311
272 15 308
273 15 306
274 15 292
275 15 257
276 15 291
277 15 263
278 15 289
279 15 305
280 15 276
281 15 292
282 15 277
283 15 312
284 15 319
285 15 329
286 15 314
287 15 296
288 15 277
289 15 310
290 15 305
291 15 310
292 15 298
293 15 294
294 15 314
295 15 324
296 15 308
298 15 271
299 15 283
300 15 289
301 15 285
302 15 310
303 15 283
304 15 280
305 15 290
306 15 320
307 15 309
308 15 286
309 15 338
310 15 307
311 15 303
312 15 299
314 15 300
315 15 279
316 15 318
317 15 286
318 15 271
319 15 292
320 15 335
321 15 282
322 15 271
323 15 332
325 15 284
326 15 329
327 15 302
328 15 333
329 15 314
331 15 283
332 15 316
333 15 332
334 15 298
335 15 263
336 15 326
337 15 331
338 15 307
339 15 333
341 15 282
343 15 309
344 15 315
345 15 320
346 15 310
347 15 295
349 15 318
351 15 287
352 15 275
353 15 318
354 15 284
355 15 301
356 15 291
357 15 286
358 15 328
359 15 317
360 15 287
361 15 332
362 15 304
363 15 307
364 15 315
365 15 280
366 15 279
367 15 304
368 15 302
369 15 311
370 15 316
371 15 311
372 15 317
373 15 303
374 15 306
375 15 299
376 15 317
377 15 303
379 15 290
380 15 296
382 15 320
383 15 287
384 15 286
385 15 308
387 15 284
389 15 302
390 15 311
391 15 286
392 15 313
393 15 306
394 15 284
395 15 324
396 15 288
397 15 288
398 15 303
399 15 331
400 15 310
401 15 313
402 15 292
403 15 279
404 15 295
405 15 299
406 15 290
407 15 331
408 15 341
409 15 322
410 15 305
411 15 296
412 15 314
413 15 268
415 15 313
416 15 300
417 15 318
418 15 327
419 15 299
421 15 281
422 15 291
423 15 302
424 15 293
425 15 328
426 15 306
427 15 291
428 15 283
429 15 312
430 15 340
431 15 293
432 15 301
433 15 322
434 15 318
436 15 306
437 15 288
438 15 314
439 15 288
440 15 282
441 15 323
442 15 304
444 15 266
445 15 290
446 15 296
447 15 289
448 15 259
449 15 345
450 15 261
452 15 319
453 15 301
454 15 322
455 15 291
456 15 319
457 15 298
458 15 288
459 15 326
460 15 287
461 15 294
462 15 282
463 15 279
464 15 282
465 15 318
466 15 307
467 15 284
469 15 286
470 15 305
471 15 322
472 15 309
473 15 302
474 15 345
475 15 316
476 15 298
477 15 274
478 15 300
479 15 318
480 15 296
481 15 289
482 15 272
483 15 300
484 15 296
486 15 300
487 15 329
488 15 285
489 15 294
490 15 321
491 15 305
493 15 331
494 15 291
495 15 317
496 15 309
497 15 269
498 15 318
499 15 287
0 16 281
1 16 319
2 16 313
3 16 308
5 16 267
6 16 327
7 16 280
8 16 296
9 16 318
10 16 280
11 16 316
12 16 270
13 16 291
14 16 280
15 16 316
16 16 314
17 16 266
18 16 323
19 16 281
20 16 299
21 16 310
22 16 321
23 16 314
24 16 286
25 16 307
26 16 338
27 16 313
28 16 333
29 16 280
30 16 288
31 16 293
32 16 299
33 16 306
34 16 279
35 16 283
36 16 303
37 16 296
38 16 301
39 16 321
40 16 327
41 16 316
42 16 276
43 16 289
44 16 338
45 16 285
46 16 309
47 16 323
48 16 327
49 16 299
50 16 274
51 16 309
53 16 318
54 16 285
55 16 297
56 16 302
57 16 323
58 16 312
60 16 311
61 16 313
62 16 309
63 16 321
65 16 301
66 16 319
67 16 303
69 16 296
70 16 288
71 16 303
72 16 302
73 16 290
74 16 297
75 16 258
76 16 298
79 16 323
80 16 288
81 16 306
82 16 299
83 16 307
84 16 317
85 16 321
87 16 311
88 16 331
89 16 284
90 16 295
91 16 300
92 16 310
93 16 306
94 16 316
95 16 273
96 16 318
97 16 268
99 16 307
100 16 302
101 16 290
102 16 284
103 16 316
104 16 286
105 16 310
106 16 277
107 16 318
109 16 302
110 16 282
111 16 300
112 16 338
113 16 285
114 16 302
115 16 323
116 16 312
117 16 263
118 16 329
119 16 306
120 16 301
121 16 287
122 16 305
123 16 322
125 16 343
126 16 306
127 16 306
128 16 302
130 16 293
132 16 311
133 16 289
135 16 310
137 16 319
138 16 328
139 16 297
140 16 280
141 16 312
142 16 301
144 16 278
145 16 330
146 16 286
147 16 289
148 16 292
149 16 334
150 16 309
151 16 311
152 16 313
153 16 325
154 16 337
156 16 320
157 16 293
158 16 306
159 16 333
160 16 294
161 16 326
162 16 289
164 16 298
165 16 282
166 16 328
167 16 296
169 16 303
171 16 273
172 16 284
173 16 298
174 16 303
175 16 310
176 16 305
178 16 279
179 16 291
180 16 326
181 16 310
182 16 305
183 16 306
184 16 326
185 16 279
186 16 309
187 16 311
188 16 316
189 16 306
190 16 288
193 16 296
194 16 268
195 16 282
196 16 276
197 16 309
198 16 298
199 16 291
200 16 284
201 16 305
202 16 339
203 16 340
204 16 312
205 16 297
206 16 296
207 16 287
209 16 309
210 16 313
211 16 327
212 16 282
213 16 285
214 16 324
215 16 283
216 16 299
217 16 274
218 16 324
221 16 316
222 16 279
223 16 317
224 16 297
225 16 294
226 16 287
227 16 289
228 16 270
229 16 310
230 16 315
231 16 279
232 16 286
233 16 304
234 16 305
235 16 301
236 16 301
238 16 288
239 16 309
240 16 300
241 16 298
242 16 309
243 16 276
244 16 317
245 16 300
246 16 317
248 16 314
249 16 315
251 16 285
252 16 316
253 16 315
254 16 278
255 16 324
256 16 310
257 16 291
258 16 293
259 16 278
260 16 300
261 16 301
262 16 313
263 16 298
264 16 301
265 16 286
267 16 292
268 16 313
269 16 276
270 16 268
271 16 293
272 16 274
274 16 279
276 16 308
277 16 326
278 16 321
279 16 321
280 16 293
281 16 305
282 16 316
283 16 297
284 16 295
285 16 304
286 16 301
287 16 309
288 16 294
289 16 297
290 16 307
291 16 290
292 16 270
293 16 288
294 16 315
297 16 296
298 16 299
299 16 283
300 16 281
301 16 299
303 16 281
304 16 264
305 16 327
306 16 306
307 16 266
308 16 310
309 16 311
310 16 293
311 16 284
312 16 317
313 16 318
315 16 334
316 16 301
317 16 299
318 16 286
319 16 291
320 16 285
321 16 312
322 16 290
323 16 338
325 16 275
326 16 301
327 16 297
328 16 334
329 16 304
330 16 305
331 16 320
332 16 314
333 16 325
334 16 298
335 16 285
336 16 299
337 16 305
338 16 299
339 16 332
340 16 270
341 16 334
342 16 285
343 16 301
344 16 323
345 16 315
346 16 299
347 16 278
348 16 288
349 16 312
350 16 314
351 16 305
352 16 282
353 16 290
354 16 311
355 16 303
356 16 306
358 16 326
359 16 287
360 16 298
361 16 349
362 16 312
363 16 297
364 16 300
365 16 320
367 16 312
368 16 324
369 16 293
370 16 276
371 16 280
372 16 318
373 16 294
374 16 296
375 16 265
376 16 331
377 16 281
378 16 338
379 16 274
380 16 290
381 16 278
382 16 317
383 16 295
384 16 316
386 16 305
387 16 278
388 16 317
389 16 318
390 16 308
391 16 289
394 16 300
395 16 276
396 16 308
397 16 346
398 16 283
399 16 295
400 16 299
401 16 291
402 16 285
403 16 306
404 16 303
405 16 329
406 16 294
407 16 314
408 16 320
409 16 288
410 16 305
411 16 323
412 16 279
413 16 307
414 16 321
415 16 299
418 16 300
419 16 286
421 16 297
422 16 286
423 16 299
424 16 289
425 16 277
426 16 330
427 16 292
428 16 333
429 16 276
430 16 303
431 16 295
432 16 279
433 16 293
434 16 323
435 16 326
436 16 285
437 16 325
438 16 366
439 16 290
440 16 291
441 16 306
442 16 297
443 16 290
444 16 320
445 16 293
446 16 304
448 16 309
449 16 284
451 16 291
452 16 333
454 16 300
455 16 299
456 16 323
458 16 277
460 16 276
461 16 294
462 16 315
463 16 314
464 16 305
465 16 293
466 16 302
467 16 321
468 16 310
469 16 288
470 16 286
471 16 317
473 16 293
474 16 296
475 16 309
476 16 307
477 16 310
478 16 273
479 16 305
480 16 326
481 16 269
483 16 294
485 16 282
486 16 283
487 16 309
488 16 299
489 16 311
491 16 314
492 16 283
493 16 312
494 16 277
495 16 284
496 16 317
497 16 257
498 16 306
499 16 317
0 17 284
1 17 300
2 17 304
3 17 300
4 17 330
5 17 311
6 17 263
8 17 332
9 17 315
10 17 282
11 17 319
12 17 300
13 17 327
14 17 294
16 17 300
17 17 306
18 17 335
19 17 308
20 17 299
21 17 276
23 17 304
24 17 286
25 17 297
26 17 297
27 17 276
28 17 287
29 17 317
30 17 282
31 17 295
32 17 274
33 17 289
34 17 298
35 17 282
38 17 273
39 17 274
40 17 296
41 17 292
42 17 329
43 17 299
44 17 287
45 17 299
46 17 292
47 17 297
48 17 310
49 17 296
51 17 280
52 17 327
53 17 332
54 17 283
55 17 310
56 17 313
57 17 289
58 17 298
59 17 306
60 17 272
61 17 290
63 17 323
64 17 327
65 17 301
66 17 321
67 17 327
68 17 322
69 17 294
70 17 297
71 17 290
72 17 310
73 17 271
76 17 293
77 17 321
80 17 306
81 17 295
83 17 305
84 17 299
86 17 298
87 17 287
88 17 308
89 17 304
90 17 297
91 17 298
93 17 288
95 17 281
98 17 326
99 17 286
100 17 304
101 17 292
102 17 292
103 17 307
104 17 322
105 17 313
106 17 304
107 17 312
108 17 312
109 17 324
110 17 320
111 17 283
113 17 325
114 17 314
115 17 319
116 17 278
117 17 292
119 17 308
120 17 324
121 17 343
122 17 298
123 17 274
124 17 283
125 17 302
126 17 269
127 17 317
128 17 284
129 17 304
130 17 294
131 17 314
132 17 299
133 17 321
134 17 272
137 17 297
138 17 283
139 17 310
140 17 279
141 17 298
142 17 285
143 17 307
144 17 300
145 17 331
147 17 314
148 17 295
149 17 284
150 17 291
151 17 282
152 17 307
153 17 301
154 17 303
155 17 328
156 17 296
158 17 310
159 17 320
160 17 302
161 17 316
162 17 308
163 17 294
164 17 313
165 17 300
166 17 297
167 17 314
168 17 271
169 17 321
170 17 297
172 17 309
173 17 282
174 17 321
175 17 280
176 17 284
177 17 284
178 17 323
180 17 303
181 17 292
182 17 298
183 17 309
184 17 290
186 17 319
187 17 319
188 17 342
189 17 323
190 17 307
191 17 316
192 17 282
193 17 320
194 17 279
195 17 287
196 17 330
198 17 306
199 17 266
200 17 335
201 17 282
202 17 311
203 17 309
204 17 319
205 17 298
206 17 293
207 17 320
208 17 296
209 17 329
210 17 292
211 17 304
212 17 314
213 17 290
214 17 307
215 17 285
216 17 321
217 17 286
218 17 296
219 17 302
221 17 288
222 17 319
223 17 312
224 17 291
225 17 331
227 17 309
228 17 302
230 17 327
231 17 306
232 17 309
233 17 288
234 17 316
235 17 279
236 17 309
237 17 291
238 17 296
239 17 323
240 17 312
241 17 335
242 17 314
243 17 322
244 17 316
245 17 303
246 17 298
247 17 309
248 17 281
250 17 263
251 17 291
252 17 320
253 17 285
254 17 302
255 17 261
256 17 292
257 17 315
258 17 307
259 17 297
261 17 289
262 17 311
263 17 298
264 17 279
265 17 279
266 17 301
267 17 286
268 17 271
269 17 289
270 17 301
271 17 304
272 17 302
273 17 284
274 17 313
275 17 270
277 17 288
278 17 271
279 17 324
280 17 326
281 17 309
283 17 311
284 17 299
285 17 325
286 17 256
287 17 298
288 17 292
289 17 307
290 17 318
291 17 247
292 17 314
293 17 268
294 17 287
295 17 312
296 17 320
297 17 328
298 17 325
299 17 291
300 17 292
301 17 288
302 17 313
303 17 304
304 17 286
305 17 313
306 17 324
307 17 295
308 17 261
309 17 334
311 17 307
312 17 309
313 17 282
314 17 305
315 17 304
316 17 313
317 17 295
318 17 269
319 17 317
320 17 270
321 17 321
322 17 324
324 17 334
325 17 333
326 17 318
327 17 327
328 17 303
329 17 330
330 17 304
331 17 352
334 17 320
335 17 298
336 17 318
337 17 283
338 17 301
339 17 304
340 17 295
341 17 316
342 17 303
343 17 254
344 17 277
345 17 320
346 17 291
347 17 286
348 17 315
349 17 308
350 17 320
351 17 277
353 17 305
354 17 313
355 17 324
357 17 301
358 17 305
359 17 319
361 17 298
364 17 296
365 17 291
367 17 298
368 17 302
369 17 337
370 17 287
371 17 307
372 17 337
373 17 283
374 17 302
375 17 273
376 17 290
377 17 319
378 17 342
380 17 329
381 17 291
382 17 304
383 17 279
385 17 292
386 17 327
387 17 295
388 17 301
389 17 327
390 17 297
391 17 301
392 17 277
393 17 254
394 17 316
396 17 287
397 17 296
398 17 286
399 17 264
400 17 319
401 17 299
402 17 292
403 17 310
404 17 290
405 17 299
406 17 288
408 17 322
409 17 292
410 17 317
411 17 298
412 17 301
414 17 277
415 17 300
416 17 307
417 17 315
418 17 293
419 17 291
420 17 327
421 17 316
422 17 289
424 17 323
425 17 314
426 17 289
427 17 277
428 17 327
429 17 291
430 17 275
431 17 297
432 17 311
433 17 294
434 17 298
435 17 355
436 17 281
437 17 319
438 17 314
439 17 311
440 17 318
441 17 293
442 17 310
443 17 306
444 17 283
446 17 317
448 17 331
449 17 313
450 17 271
451 17 297
452 17 295
453 17 303
454 17 285
455 17 313
456 17 313
457 17 295
458 17 312
459 17 304
460 17 323
461 17 313
462 17 289
463 17 333
464 17 296
465 17 291
467 17 286
468 17 332
470 17 314
471 17 281
472 17 267
473 17 310
474 17 276
475 17 310
476 17 309
477 17 291
478 17 306
479 17 318
480 17 305
481 17 312
482 17 290
483 17 306
484 17 303
485 17 326
486 17 305
487 17 333
488 17 287
489 17 310
490 17 301
491 17 290
492 17 283
493 17 303
494 17 275
495 17 291
496 17 315
497 17 302
498 17 287
499 17 310
0 18 310
1 18 323
2 18 293
3 18 297
4 18 302
5 18 294
6 18 292
7 18 301
8 18 304
9 18 323
10 18 319
11 18 292
13 18 315
14 18 288
15 18 304
16 18 300
17 18 299
18 18 304
19 18 298
20 18 291
21 18 294
22 18 269
23 18 292
25 18 348
26 18 298
27 18 313
28 18 284
29 18 282
30 18 292
31 18 274
32 18 301
33 18 298
35 18 292
36 18 295
37 18 315
38 18 319
39 18 284
40 18 303
41 18 339
42 18 283
43 18 314
44 18 299
45 18 297
46 18 314
47 18 278
48 18 306
49 18 293
50 18 299
52 18 314
53 18 307
54 18 313
55 18 282
57 18 311
58 18 311
59 18 303
60 18 293
62 18 319
63 18 299
64 18 273
65 18 307
66 18 259
67 18 318
68 18 309
69 18 289
70 18 331
71 18 316
72 18 299
73 18 313
74 18 262
75 18 311
76 18 279
77 18 311
78 18 308
79 18 328
80 18 297
81 18 330
82 18 320
83 18 319
84 18 295
85 18 318
86 18 279
87 18 306
88 18 314
89 18 302
90 18 297
91 18 334
92 18 283
93 18 305
94 18 296
95 18 310
96 18 285
97 18 288
98 18 314
100 18 335
101 18 320
102 18 320
104 18 280
105 18 256
106 18 291
108 18 302
109 18 292
110 18 290
111 18 310
112 18 324
113 18 313
114 18 276
116 18 305
117 18 307
118 18 282
121 18 302
122 18 314
123 18 305
124 18 327
125 18 309
126 18 305
127 18 311
128 18 311
129 18 304
130 18 292
131 18 288
132 18 311
133 18 297
134 18 333
135 18 285
136 18 271
137 18 297
138 18 298
139 18 301
141 18 308
142 18 289
143 18 305
144 18 319
145 18 310
146 18 335
147 18 304
148 18 305
149 18 304
150 18 299
151 18 289
152 18 345
153 18 315
154 18 318
155 18 305
156 18 329
157 18 286
158 18 301
159 18 291
160 18 281
161 18 348
162 18 325
163 18 305
164 18 307
165 18 306
166 18 289
167 18 297
168 18 258
169 18 319
170 18 350
171 18 256
172 18 309
173 18 309
174 18 262
175 18 287
176 18 294
177 18 277
179 18 296
180 18 294
181 18 280
182 18 319
183 18 271
184 18 308
185 18 323
187 18 288
188 18 281
190 18 304
191 18 289
192 18 302
193 18 313
194 18 299
195 18 298
196 18 299
197 18 334
198 18 305
199 18 313
200 18 317
201 18 281
203 18 318
204 18 310
206 18 331
207 18 295
208 18 304
209 18 292
210 18 310
211 18 254
212 18 288
213 18 290
214 18 324
215 18 297
216 18 262
217 18 290
218 18 331
220 18 293
221 18 298
222 18 294
223 18 287
224 18 297
225 18 326
226 18 300
227 18 329
228 18 323
229 18 297
230 18 264
231 18 285
232 18 311
233 18 299
234 18 315
235 18 304
236 18 291
237 18 348
238 18 307
239 18 294
240 18 273
241 18 273
242 18 277
243 18 298
244 18 278
246 18 306
247 18 323
248 18 305
249 18 291
250 18 305
251 18 306
252 18 290
253 18 298
254 18 291
255 18 302
256 18 315
257 18 286
258 18 304
259 18 293
260 18 314
261 18 321
262 18 309
263 18 302
264 18 315
265 18 316
266 18 292
267 18 340
268 18 311
269 18 301
270 18 318
271 18 296
272 18 301
273 18 299
274 18 283
275 18 308
276 18 324
277 18 289
278 18 309
279 18 319
280 18 291
281 18 301
282 18 263
283 18 286
284 18 300
285 18 302
286 18 293
287 18 284
288 18 301
289 18 306
290 18 280
291 18 296
292 18 310
293 18 299
294 18 298
295 18 317
296 18 304
297 18 326
298 18 284
299 18 309
300 18 307
301 18 284
302 18 313
304 18 326
305 18 327
306 18 315
307 18 303
308 18 314
309 18 311
310 18 301
311 18 298
312 18 286
313 18 302
314 18 284
315 18 307
316 18 287
317 18 308
318 18 299
319 18 297
320 18 288
321 18 297
322 18 290
323 18 321
324 18 295
325 18 274
326 18 322
327 18 308
329 18 292
331 18 291
332 18 265
336 18 306
337 18 282
339 18 268
340 18 306
341 18 312
342 18 292
343 18 295
345 18 258
346 18 337
347 18 318
348 18 296
349 18 315
350 18 321
351 18 325
353 18 295
354 18 306
355 18 302
356 18 284
359 18 309
361 18 290
362 18 315
364 18 293
365 18 281
366 18 291
367 18 308
368 18 315
369 18 305
370 18 264
371 18 266
373 18 307
374 18 288
375 18 310
376 18 317
377 18 314
378 18 334
379 18 302
380 18 295
381 18 308
382 18 304
383 18 292
385 18 283
386 18 294
387 18 303
388 18 300
389 18 285
390 18 306
391 18 306
392 18 294
393 18 304
394 18 269
395 18 316
396 18 277
397 18 306
398 18 322
399 18 292
401 18 301
402 18 286
403 18 294
404 18 316
405 18 284
406 18 305
407 18 264
408 18 307
409 18 303
410 18 303
411 18 296
412 18 287
413 18 289
414 18 283
415 18 266
416 18 284
417 18 327
418 18 315
419 18 284
420 18 299
422 18 294
424 18 282
425 18 310
426 18 270
427 18 302
428 18 341
429 18 305
430 18 326
431 18 297
432 18 277
433 18 358
434 18 285
435 18 309
436 18 309
437 18 295
438 18 318
439 18 260
440 18 307
441 18 326
442 18 315
443 18 282
444 18 298
445 18 309
446 18 283
447 18 286
450 18 283
451 18 295
452 18 303
453 18 294
454 18 308
455 18 296
456 18 324
458 18 289
459 18 321
461 18 330
462 18 315
463 18 318
464 18 342
465 18 287
466 18 293
468 18 329
469 18 309
470 18 303
471 18 288
472 18 300
473 18 334
474 18 277
475 18 338
476 18 308
477 18 284
478 18 298
479 18 300
480 18 290
481 18 294
482 18 266
483 18 272
484 18 267
485 18 307
486 18 301
487 18 288
489 18 322
490 18 325
491 18 323
492 18 268
493 18 290
494 18 317
495 18 262
496 18 259
497 18 311
0 19 292
2 19 279
3 19 305
4 19 304
5 19 305
6 19 292
7 19 312
8 19 313
9 19 301
10 19 310
12 19 279
14 19 319
15 19 288
16 19 313
17 19 306
19 19 313
20 19 313
21 19 296
22 19 291
23 19 319
24 19 300
25 19 300
26 19 311
27 19 325
28 19 287
29 19 269
30 19 317
31 19 331
32 19 314
33 19 272
34 19 291
35 19 269
36 19 290
37 19 302
38 19 309
39 19 302
41 19 306
42 19 327
43 19 281
44 19 277
46 19 268
47 19 314
48 19 324
49 19 297
50 19 334
51 19 311
53 19 309
54 19 284
55 19 282
56 19 327
57 19 304
58 19 267
59 19 276
60 19 264
61 19 317
62 19 303
63 19 289
64 19 331
65 19 312
66 19 294
67 19 292
69 19 308
70 19 305
71 19 354
72 19 305
73 19 285
74 19 297
75 19 292
76 19 296
77 19 305
78 19 297
79 19 285
80 19 300
81 19 316
82 19 282
83 19 277
84 19 333
85 19 285
86 19 312
87 19 298
88 19 296
89 19 311
90 19 285
91 19 298
92 19 291
93 19 301
95 19 294
96 19 308
97 19 274
98 19 294
99 19 304
100 19 305
102 19 301
103 19 320
104 19 284
105 19 296
106 19 276
107 19 289
108 19 298
109 19 319
110 19 306
111 19 295
112 19 319
114 19 291
115 19 335
117 19 274
118 19 322
119 19 299
120 19 308
121 19 296
122 19 288
123 19 309
124 19 328
125 19 276
126 19 329
129 19 301
130 19 295
131 19 319
132 19 295
133 19 299
134 19 306
136 19 275
137 19 294
139 19 264
142 19 286
143 19 285
144 19 320
145 19 306
146 19 323
147 19 317
148 19 313
149 19 296
150 19 280
151 19 283
153 19 306
154 19 293
155 19 321
157 19 317
159 19 306
160 19 277
161 19 315
162 19 327
163 19 294
164 19 303
165 19 321
166 19 318
167 19 302
168 19 309
169 19 280
170 19 287
172 19 274
173 19 290
175 19 290
177 19 315
178 19 298
179 19 286
180 19 292
182 19 281
183 19 302
184 19 273
185 19 320
186 19 317
187 19 336
188 19 287
189 19 286
190 19 302
191 19 293
192 19 266
193 19 291
194 19 297
195 19 301
196 19 288
198 19 299
199 19 314
200 19 328
201 19 305
202 19 316
203 19 312
204 19 310
206 19 299
208 19 284
209 19 278
210 19 316
211 19 308
212 19 329
213 19 302
214 19 259
215 19 313
216 19 287
217 19 330
218 19 278
220 19 316
221 19 317
222 19 318
223 19 279
224 19 308
225 19 295
226 19 293
227 19 277
228 19 283
229 19 290
230 19 312
231 19 275
232 19 318
233 19 283
234 19 305
235 19 314
236 19 314
237 19 317
238 19 292
239 19 310
240 19 308
241 19 298
242 19 296
243 19 292
244 19 295
245 19 312
246 19 324
247 19 276
248 19 318
249 19 282
250 19 321
251 19 289
252 19 311
253 19 328
254 19 299
255 19 283
256 19 272
257 19 297
258 19 319
259 19 269
260 19 337
261 19 315
262 19 293
263 19 310
265 19 298
266 19 314
267 19 306
268 19 307
269 19 299
270 19 296
271 19 300
273 19 321
274 19 267
275 19 313
276 19 293
277 19 284
278 19 304
279 19 288
280 19 318
281 19 337
282 19 315
283 19 321
285 19 326
286 19 288
287 19 303
288 19 310
289 19 292
290 19 312
291 19 282
292 19 335
293 19 313
294 19 288
295 19 289
296 19 306
298 19 271
299 19 295
300 19 312
301 19 313
302 19 292
303 19 308
304 19 287
305 19 297
306 19 297
307 19 290
308 19 315
309 19 336
310 19 308
311 19 335
312 19 313
313 19 270
314 19 295
315 19 302
316 19 303
317 19 289
318 19 313
319 19 272
320 19 325
321 19 307
322 19 277
323 19 271
325 19 329
326 19 310
327 19 295
328 19 329
329 19 271
330 19 318
331 19 272
332 19 302
333 19 309
334 19 330
335 19 295
336 19 293
337 19 269
338 19 344
339 19 296
340 19 288
341 19 318
342 19 315
343 19 313
344 19 316
345 19 314
346 19 316
347 19 276
348 19 267
349 19 322
350 19 303
351 19 298
352 19 319
354 19 323
355 19 320
357 19 300
358 19 307
359 19 296
361 19 288
362 19 301
363 19 264
364 19 342
365 19 248
366 19 326
367 19 287
368 19 304
369 19 322
370 19 289
371 19 311
372 19 320
373 19 278
374 19 315
375 19 325
376 19 297
377 19 324
378 19 290
379 19 307
380 19 319
381 19 285
382 19 305
383 19 322
384 19 303
385 19 295
386 19 298
387 19 281
388 19 270
389 19 312
390 19 278
391 19 287
392 19 322
393 19 296
395 19 298
396 19 310
398 19 275
399 19 279
400 19 321
401 19 334
402 19 320
403 19 299
404 19 334
405 19 302
407 19 291
408 19 341
411 19 288
412 19 286
413 19 329
415 19 322
416 19 317
418 19 286
419 19 296
420 19 291
421 19 297
422 19 282
423 19 297
424 19 299
425 19 277
426 19 291
427 19 296
428 19 315
429 19 306
430 19 297
431 19 324
432 19 315
433 19 317
434 19 301
435 19 295
436 19 311
437 19 298
439 19 289
440 19 284
441 19 273
442 19 291
443 19 284
444 19 306
445 19 316
446 19 287
447 19 304
449 19 280
450 19 297
451 19 289
452 19 310
453 19 308
455 19 315
456 19 312
457 19 307
458 19 306
459 19 294
460 19 300
462 19 321
463 19 329
464 19 312
465 19 314
466 19 351
467 19 304
468 19 327
469 19 309
470 19 304
471 19 278
472 19 280
473 19 280
475 19 310
476 19 325
477 19 306
478 19 304
480 19 278
481 19 294
482 19 293
484 19 306
485 19 282
486 19 317
487 19 341
489 19 285
490 19 328
491 19 276
493 19 337
494 19 319
495 19 288
496 19 320
497 19 300
498 19 275
499 19 313