500 20 8979 5 2000
334 330 265 315 287 68 26 317 155 197 357 460 376 424 353 330 301 393 444 389 469 99 459 377 44 341 204 237 383 142 302 250 383 214 226 262 185 42 212 326 378 83 428 314 446 462 386 38 83 145 327 94 313 114 191 426 269 428 179 419 423 128 260 420 191 223 31 242 340 293 196 17 489 71 109 128 317 428 440 116 62 156 289 397 389 80 290 317 272 391 182 353 302 351 24 93 95 50 477 392 223 293 308 59 208 154 282 118 216 73 391 497 422 453 297 219 427 15 279 274 202 317 448 83 14 184 336 374 265 181 97 291 222 351 290 494 166 161 174 101 284 291 480 289 434 133 482 235 210 467 453 374 185 207 422 479 116 418 96 290 61 462 52 300 230 365 91 446 316 420 454 361 380 43 101 168 158 191 15 26 365 286 292 310 377 33 171 309 172 161 89 211 397 235 56 388 251 445 288 383 372 339 278 87 434 198 388 263 232 378 422 351 183 250 194 262 272 105 168 337 386 119 164 258 417 395 147 309 419 126 179 491 272 393 53 285 90 117 427 163 161 178 38 237 364 41 425 234 253 165 316 410 326 316 400 49 462 19 430 199 80 90 174 262 264 416 362 350 117 166 288 29 469 144 225 194 235 24 110 15 139 105 68 482 170 444 134 76 177 64 121 102 324 378 24 165 407 451 126 138 18 484 98 91 178 443 96 282 120 332 235 63 35 121 483 323 250 343 456 191 275 239 418 125 268 314 455 471 47 399 394 475 365 111 132 86 85 484 159 76 105 170 53 276 313 17 421 211 18 219 178 143 123 430 475 107 165 277 50 164 442 331 299 38 356 493 66 382 141 50 23 33 308 236 124 313 289 267 229 447 314 222 380 249 272 468 173 319 305 146 403 468 210 179 44 327 468 290 306 334 499 209 366 20 103 311 412 404 242 290 465 88 306 84 83 389 442 385 88 23 209 143 80 471 275 447 36 289 16 203 410 288 43 442 496 258 376 111 42 46 475 498 44 207 163 432 105 75 471 312 192 32 262 10 40 360 103 144 134 225 208 338 371 51 347 377 60 264 221 397 445 494 263 483 446 355 492 167 387 54 107 217 275 55 59 124 430 53 167 136 468 114 257 253 481 189 28 488 168 235
370 2
2 172
4 186
772 1
3 199
180 1
0 2
139 2
0 110
4 58
287 0
716 3
1 248
2 136
3 231
766 0
430 0
697 0
380 0
796 2
3 319
4 5
206 0
968 1
0 39
266 1
2 155
997 2
1 19
3 321
805 0
552 1
2 312
235 0
896 1
3 166
468 2
0 42
3 327
0 0 308
1 0 301
2 0 313
3 0 295
4 0 276
5 0 312
6 0 293
7 0 295
8 0 284
9 0 283
10 0 278
11 0 297
12 0 310
13 0 292
14 0 306
15 0 303
16 0 338
17 0 307
19 0 303
20 0 299
21 0 282
22 0 287
23 0 325
24 0 323
25 0 328
26 0 291
27 0 299
29 0 326
30 0 289
31 0 314
33 0 282
34 0 276
35 0 302
36 0 306
37 0 307
38 0 305
39 0 303
41 0 316
42 0 310
45 0 314
47 0 305
48 0 306
49 0 306
50 0 305
51 0 316
53 0 326
54 0 303
55 0 282
56 0 331
57 0 323
58 0 286
59 0 284
60 0 281
61 0 322
63 0 300
64 0 305
65 0 308
66 0 320
67 0 312
68 0 320
69 0 349
70 0 311
71 0 261
72 0 316
73 0 312
74 0 307
75 0 298
76 0 311
77 0 314
78 0 324
79 0 322
80 0 296
82 0 277
83 0 324
84 0 276
85 0 309
87 0 280
88 0 304
89 0 299
91 0 291
92 0 319
93 0 267
94 0 298
95 0 295
96 0 283
97 0 286
98 0 277
99 0 328
100 0 283
101 0 301
103 0 303
104 0 320
105 0 294
107 0 304
108 0 287
109 0 305
110 0 297
111 0 307
112 0 319
113 0 294
114 0 281
115 0 274
116 0 255
117 0 327
118 0 311
119 0 269
120 0 342
121 0 316
122 0 329
123 0 313
124 0 301
125 0 301
126 0 284
127 0 317
128 0 308
129 0 277
131 0 314
133 0 319
134 0 311
135 0 291
136 0 310
137 0 312
138 0 285
139 0 280
140 0 293
141 0 290
142 0 316
143 0 310
144 0 298
145 0 273
146 0 305
147 0 316
149 0 343
150 0 298
151 0 311
152 0 305
153 0 293
154 0 314
155 0 283
156 0 320
157 0 292
158 0 301
160 0 291
161 0 301
162 0 320
163 0 270
164 0 308
165 0 319
166 0 308
167 0 306
168 0 271
169 0 291
170 0 307
171 0 286
172 0 321
173 0 254
174 0 299
176 0 274
177 0 288
178 0 325
179 0 298
181 0 273
182 0 298
183 0 259
184 0 304
185 0 297
186 0 304
187 0 266
189 0 281
190 0 301
191 0 284
192 0 297
194 0 292
195 0 289
196 0 298
198 0 282
199 0 328
201 0 313
202 0 308
203 0 287
204 0 325
205 0 316
206 0 337
207 0 260
208 0 284
209 0 294
210 0 285
211 0 282
212 0 326
213 0 297
214 0 322
215 0 299
216 0 317
218 0 293
219 0 271
220 0 315
221 0 294
223 0 297
224 0 310
225 0 276
226 0 271
227 0 328
228 0 310
229 0 304
230 0 329
231 0 325
232 0 293
233 0 302
234 0 316
235 0 282
236 0 328
237 0 299
239 0 308
240 0 316
241 0 280
242 0 320
243 0 299
244 0 285
245 0 337
246 0 287
247 0 296
250 0 296
252 0 326
253 0 285
255 0 285
256 0 358
257 0 297
258 0 292
259 0 281
260 0 318
261 0 301
262 0 331
263 0 328
264 0 301
265 0 287
266 0 287
267 0 305
268 0 337
269 0 280
270 0 314
271 0 351
272 0 316
274 0 275
275 0 306
276 0 299
278 0 278
279 0 305
280 0 277
282 0 310
283 0 333
284 0 298
285 0 285
286 0 303
287 0 309
288 0 275
289 0 300
290 0 290
291 0 305
292 0 274
293 0 310
294 0 350
295 0 309
296 0 295
297 0 297
298 0 281
300 0 306
301 0 298
302 0 285
303 0 297
304 0 301
306 0 289
307 0 315
308 0 309
309 0 299
310 0 287
311 0 307
312 0 312
313 0 293
314 0 339
315 0 303
316 0 295
317 0 274
319 0 322
320 0 311
321 0 318
322 0 322
325 0 273
327 0 280
329 0 290
331 0 289
332 0 269
333 0 301
334 0 312
336 0 306
337 0 287
338 0 309
339 0 290
340 0 270
341 0 291
342 0 266
343 0 294
344 0 283
345 0 320
346 0 317
347 0 239
348 0 283
349 0 282
350 0 284
351 0 292
352 0 323
354 0 334
355 0 323
356 0 336
357 0 322
359 0 295
360 0 297
361 0 283
362 0 318
363 0 282
364 0 284
365 0 334
366 0 301
367 0 301
368 0 295
369 0 298
370 0 312
371 0 287
372 0 295
374 0 299
376 0 308
377 0 296
378 0 282
379 0 307
380 0 284
381 0 328
383 0 302
384 0 294
385 0 305
386 0 274
387 0 259
388 0 275
389 0 288
390 0 285
391 0 277
392 0 302
393 0 279
395 0 301
396 0 337
397 0 297
398 0 294
399 0 304
400 0 292
401 0 290
403 0 284
404 0 277
405 0 298
406 0 321
407 0 310
408 0 313
409 0 296
410 0 300
412 0 308
413 0 259
414 0 323
416 0 302
417 0 325
419 0 268
420 0 258
421 0 301
422 0 280
423 0 263
424 0 284
425 0 301
426 0 315
427 0 279
428 0 287
429 0 314
430 0 317
431 0 294
432 0 332
433 0 310
434 0 284
435 0 307
436 0 327
437 0 297
438 0 292
440 0 347
441 0 302
442 0 308
443 0 308
444 0 316
445 0 293
446 0 328
447 0 315
448 0 310
449 0 285
450 0 287
451 0 309
452 0 299
453 0 287
454 0 310
455 0 319
456 0 299
457 0 271
458 0 318
459 0 290
460 0 288
461 0 307
462 0 291
463 0 300
464 0 316
465 0 281
467 0 292
468 0 324
469 0 314
470 0 288
471 0 311
472 0 293
473 0 306
474 0 267
475 0 306
476 0 291
477 0 295
478 0 298
479 0 300
480 0 322
481 0 301
483 0 295
484 0 289
485 0 300
487 0 293
488 0 328
489 0 318
490 0 287
491 0 306
492 0 312
493 0 302
494 0 308
495 0 295
496 0 294
497 0 280
498 0 282
499 0 306
0 1 343
1 1 282
2 1 268
3 1 300
4 1 279
5 1 310
6 1 300
7 1 303
8 1 302
9 1 295
10 1 307
11 1 310
13 1 278
14 1 280
16 1 321
17 1 334
18 1 338
19 1 282
20 1 302
21 1 294
22 1 314
23 1 284
24 1 307
25 1 288
26 1 321
27 1 336
28 1 293
29 1 291
30 1 309
31 1 320
33 1 298
34 1 297
35 1 303
36 1 280
38 1 287
39 1 284
40 1 307
41 1 290
42 1 300
43 1 302
44 1 269
45 1 301
46 1 278
47 1 289
48 1 315
49 1 283
50 1 323
51 1 319
52 1 330
53 1 301
54 1 358
55 1 288
56 1 299
57 1 325
58 1 289
60 1 302
61 1 295
62 1 291
63 1 301
64 1 302
65 1 317
66 1 290
67 1 284
68 1 312
69 1 294
70 1 321
71 1 288
73 1 310
74 1 300
75 1 290
76 1 310
77 1 308
78 1 292
79 1 303
80 1 292
81 1 320
82 1 299
84 1 300
85 1 272
86 1 279
87 1 249
88 1 325
89 1 269
94 1 302
95 1 283
96 1 292
97 1 313
98 1 316
99 1 288
100 1 308
101 1 312
102 1 302
103 1 300
104 1 294
105 1 278
106 1 303
107 1 296
108 1 320
109 1 302
110 1 309
111 1 314
112 1 281
113 1 305
114 1 294
116 1 296
117 1 274
118 1 315
119 1 302
120 1 281
121 1 302
122 1 322
123 1 285
124 1 313
125 1 288
126 1 294
127 1 293
128 1 289
129 1 306
130 1 342
131 1 316
132 1 312
133 1 314
134 1 303
135 1 290
137 1 303
138 1 301
139 1 323
140 1 314
141 1 302
142 1 296
143 1 291
144 1 319
145 1 296
146 1 326
147 1 325
148 1 284
149 1 294
150 1 311
151 1 300
153 1 308
154 1 251
155 1 311
156 1 317
157 1 298
158 1 314
159 1 297
161 1 295
162 1 290
163 1 305
164 1 289
165 1 325
166 1 295
167 1 308
168 1 307
169 1 303
170 1 302
171 1 301
172 1 283
173 1 277
174 1 294
175 1 328
176 1 287
178 1 294
179 1 307
180 1 298
181 1 278
184 1 284
186 1 300
187 1 308
188 1 268
189 1 311
190 1 277
191 1 282
192 1 314
193 1 316
194 1 306
195 1 296
196 1 267
197 1 340
198 1 317
199 1 303
201 1 303
202 1 328
203 1 285
204 1 330
205 1 300
207 1 313
208 1 280
209 1 319
210 1 292
211 1 270
212 1 291
213 1 306
214 1 301
215 1 258
216 1 290
217 1 296
218 1 323
219 1 298
220 1 297
221 1 284
222 1 320
223 1 290
224 1 315
225 1 286
226 1 318
227 1 286
228 1 279
229 1 317
230 1 303
231 1 286
232 1 312
233 1 308
234 1 283
235 1 273
236 1 299
237 1 298
238 1 285
239 1 340
240 1 330
241 1 302
242 1 296
243 1 306
244 1 291
245 1 282
246 1 269
248 1 326
249 1 316
250 1 308
252 1 314
253 1 304
254 1 315
255 1 313
256 1 314
257 1 286
258 1 316
259 1 310
260 1 283
261 1 287
262 1 308
264 1 316
265 1 303
266 1 298
267 1 264
268 1 286
269 1 271
270 1 323
271 1 298
273 1 311
274 1 331
276 1 283
277 1 322
279 1 311
280 1 336
281 1 280
282 1 310
283 1 311
284 1 274
286 1 288
287 1 277
288 1 293
289 1 304
290 1 296
291 1 313
292 1 307
293 1 298
294 1 338
295 1 282
296 1 307
297 1 308
298 1 314
299 1 322
301 1 322
302 1 265
303 1 277
304 1 290
305 1 293
306 1 315
307 1 287
308 1 281
310 1 304
311 1 280
313 1 301
314 1 302
315 1 291
316 1 312
317 1 324
319 1 304
321 1 320
322 1 311
323 1 310
324 1 272
325 1 309
327 1 296
328 1 315
329 1 320
331 1 300
332 1 272
333 1 320
334 1 313
335 1 297
336 1 295
337 1 287
338 1 337
339 1 297
340 1 296
341 1 309
342 1 333
343 1 304
344 1 313
345 1 285
346 1 311
348 1 289
349 1 283
350 1 284
351 1 311
352 1 294
353 1 340
354 1 331
355 1 319
356 1 314
357 1 283
358 1 273
359 1 293
360 1 328
361 1 300
362 1 301
363 1 310
365 1 300
366 1 304
367 1 334
368 1 325
369 1 306
370 1 303
371 1 309
373 1 298
374 1 304
375 1 286
377 1 295
378 1 308
381 1 300
382 1 307
383 1 314
384 1 313
385 1 276
386 1 309
387 1 325
388 1 299
389 1 300
390 1 290
391 1 305
392 1 301
393 1 278
394 1 300
395 1 301
396 1 329
398 1 304
399 1 278
400 1 283
401 1 296
402 1 304
403 1 308
405 1 318
406 1 293
407 1 273
408 1 287
409 1 297
410 1 290
411 1 320
412 1 292
413 1 289
414 1 336
415 1 293
416 1 297
417 1 289
418 1 294
419 1 328
420 1 300
421 1 307
423 1 300
425 1 309
426 1 323
427 1 313
428 1 320
430 1 288
431 1 346
432 1 315
433 1 283
434 1 302
435 1 323
436 1 318
437 1 317
438 1 298
441 1 310
442 1 286
443 1 294
444 1 304
445 1 303
446 1 271
447 1 299
448 1 270
449 1 302
450 1 278
451 1 330
453 1 322
454 1 292
455 1 318
456 1 293
457 1 351
458 1 320
459 1 296
460 1 293
461 1 347
462 1 334
463 1 296
464 1 284
465 1 285
466 1 311
467 1 289
468 1 286
469 1 336
470 1 288
471 1 308
472 1 276
473 1 323
474 1 312
475 1 309
476 1 320
477 1 276
478 1 313
479 1 310
480 1 283
481 1 294
482 1 305
483 1 288
484 1 311
486 1 302
487 1 283
488 1 303
489 1 320
490 1 259
491 1 297
492 1 314
493 1 343
495 1 296
497 1 320
498 1 305
499 1 330
0 2 273
1 2 304
3 2 290
4 2 296
5 2 311
6 2 296
7 2 313
8 2 299
9 2 290
10 2 283
11 2 316
12 2 304
13 2 334
14 2 311
15 2 322
16 2 280
17 2 297
18 2 296
19 2 293
21 2 288
22 2 302
23 2 282
24 2 338
25 2 300
26 2 298
27 2 285
28 2 265
29 2 311
30 2 306
31 2 291
32 2 294
33 2 328
34 2 300
36 2 335
37 2 308
38 2 309
39 2 333
40 2 305
41 2 310
42 2 329
43 2 295
44 2 314
45 2 308
46 2 306
47 2 283
48 2 304
50 2 317
51 2 322
52 2 321
53 2 283
54 2 315
55 2 304
56 2 308
57 2 304
60 2 319
61 2 332
62 2 277
63 2 285
64 2 298
65 2 317
66 2 276
67 2 304
68 2 319
69 2 307
70 2 276
71 2 268
72 2 289
74 2 331
75 2 309
76 2 309
77 2 298
78 2 288
79 2 315
81 2 303
82 2 303
83 2 327
85 2 303
86 2 307
87 2 329
88 2 298
89 2 285
90 2 289
94 2 288
95 2 285
96 2 300
97 2 298
98 2 310
99 2 284
100 2 306
101 2 322
102 2 296
103 2 292
104 2 286
105 2 296
106 2 327
107 2 312
108 2 323
109 2 318
110 2 301
111 2 307
112 2 314
113 2 298
115 2 325
116 2 295
117 2 308
118 2 327
119 2 280
120 2 294
122 2 276
123 2 282
124 2 330
126 2 310
127 2 314
129 2 303
130 2 251
131 2 315
132 2 316
133 2 291
134 2 303
135 2 289
136 2 267
137 2 296
139 2 303
140 2 314
141 2 278
142 2 313
143 2 276
144 2 311
145 2 292
146 2 304
147 2 283
149 2 283
151 2 299
153 2 285
154 2 267
155 2 345
156 2 288
157 2 288
158 2 310
159 2 293
162 2 286
164 2 298
166 2 335
167 2 312
169 2 293
170 2 279
171 2 334
172 2 319
173 2 314
174 2 300
175 2 304
176 2 291
177 2 301
178 2 304
179 2 256
180 2 320
181 2 325
182 2 321
183 2 291
184 2 303
185 2 277
186 2 288
187 2 269
188 2 309
189 2 283
190 2 320
191 2 305
192 2 316
193 2 263
194 2 273
195 2 288
196 2 312
197 2 332
198 2 335
199 2 268
201 2 298
202 2 296
203 2 303
204 2 281
205 2 254
206 2 278
209 2 326
210 2 316
211 2 303
212 2 330
213 2 298
214 2 278
215 2 277
216 2 291
217 2 301
218 2 293
219 2 333
220 2 299
221 2 279
222 2 301
223 2 279
224 2 328
225 2 292
226 2 279
227 2 310
228 2 298
229 2 306
230 2 300
231 2 325
233 2 296
234 2 285
235 2 287
236 2 301
237 2 295
238 2 289
240 2 274
241 2 290
242 2 309
243 2 318
244 2 292
246 2 316
247 2 286
248 2 291
249 2 290
250 2 294
251 2 314
252 2 313
253 2 315
254 2 298
255 2 301
256 2 288
257 2 289
258 2 313
259 2 311
260 2 322
262 2 283
263 2 272
264 2 258
265 2 311
266 2 294
268 2 311
269 2 321
270 2 307
271 2 317
272 2 300
273 2 247
274 2 276
275 2 298
276 2 316
277 2 292
278 2 330
279 2 286
280 2 298
281 2 303
283 2 306
284 2 301
285 2 301
287 2 308
288 2 314
289 2 298
290 2 285
291 2 275
293 2 296
294 2 302
295 2 301
296 2 332
297 2 321
298 2 281
299 2 333
300 2 311
301 2 283
302 2 314
303 2 294
304 2 296
305 2 311
306 2 292
307 2 296
308 2 300
309 2 321
310 2 318
311 2 288
312 2 278
313 2 316
314 2 305
315 2 323
316 2 272
317 2 282
318 2 329
319 2 281
320 2 320
321 2 315
322 2 310
323 2 312
324 2 293
325 2 294
326 2 305
328 2 293
329 2 326
330 2 287
331 2 252
332 2 301
333 2 314
334 2 295
335 2 310
336 2 320
337 2 310
338 2 304
339 2 298
340 2 291
341 2 294
342 2 317
343 2 296
344 2 313
345 2 305
346 2 279
347 2 320
351 2 318
352 2 277
353 2 320
354 2 303
355 2 297
356 2 292
357 2 285
358 2 304
359 2 313
360 2 310
362 2 319
363 2 331
365 2 307
366 2 312
368 2 316
369 2 305
370 2 284
371 2 318
372 2 268
373 2 306
374 2 291
375 2 271
376 2 277
378 2 300
379 2 295
380 2 308
381 2 279
382 2 297
383 2 264
384 2 313
385 2 318
386 2 297
387 2 307
388 2 280
389 2 295
390 2 303
391 2 316
392 2 291
393 2 305
395 2 315
396 2 265
397 2 280
398 2 296
399 2 280
400 2 280
401 2 311
402 2 293
403 2 291
404 2 276
405 2 298
406 2 295
407 2 340
408 2 303
410 2 293
411 2 313
412 2 328
413 2 291
414 2 280
415 2 336
416 2 316
417 2 290
418 2 317
420 2 289
421 2 292
422 2 331
423 2 333
424 2 288
425 2 310
426 2 299
427 2 289
428 2 314
429 2 267
430 2 311
431 2 291
432 2 321
433 2 310
434 2 312
435 2 312
436 2 305
437 2 302
438 2 297
439 2 316
440 2 339
441 2 300
442 2 307
443 2 305
444 2 291
445 2 265
446 2 281
447 2 294
448 2 304
451 2 292
452 2 323
453 2 265
454 2 301
455 2 275
456 2 313
457 2 282
458 2 286
459 2 284
460 2 286
461 2 305
462 2 281
464 2 316
465 2 328
466 2 312
467 2 320
468 2 287
471 2 293
472 2 285
473 2 274
475 2 304
476 2 299
477 2 292
479 2 301
480 2 270
481 2 295
482 2 304
483 2 300
484 2 307
485 2 302
486 2 296
488 2 291
489 2 274
490 2 289
491 2 284
492 2 291
493 2 332
494 2 291
495 2 304
496 2 286
497 2 262
498 2 270
499 2 301
0 3 277
1 3 320
2 3 280
3 3 278
4 3 319
5 3 301
6 3 297
7 3 304
8 3 306
9 3 321
10 3 276
12 3 284
13 3 307
14 3 295
15 3 299
16 3 279
17 3 320
18 3 319
19 3 291
20 3 315
21 3 314
22 3 306
24 3 309
25 3 289
26 3 301
27 3 275
28 3 310
29 3 273
30 3 303
31 3 297
32 3 325
33 3 295
34 3 304
35 3 307
36 3 313
37 3 296
38 3 299
39 3 296
40 3 297
41 3 303
42 3 271
43 3 307
44 3 277
45 3 308
46 3 285
47 3 303
48 3 289
49 3 321
50 3 282
51 3 308
52 3 304
53 3 282
54 3 330
55 3 266
56 3 322
57 3 273
58 3 313
59 3 311
60 3 350
62 3 321
63 3 287
64 3 290
65 3 301
66 3 305
67 3 328
68 3 330
69 3 290
70 3 315
71 3 306
72 3 290
73 3 295
74 3 290
75 3 294
76 3 301
77 3 297
78 3 299
79 3 305
80 3 323
81 3 319
83 3 284
84 3 290
85 3 299
86 3 337
87 3 316
89 3 294
90 3 310
91 3 308
92 3 316
93 3 309
95 3 313
97 3 301
98 3 305
99 3 314
100 3 280
101 3 314
102 3 324
104 3 317
105 3 337
106 3 296
107 3 303
108 3 314
109 3 307
110 3 293
111 3 313
112 3 282
113 3 302
115 3 298
116 3 328
117 3 278
118 3 320
119 3 313
120 3 297
121 3 316
122 3 307
124 3 324
125 3 273
127 3 278
128 3 303
129 3 290
131 3 308
132 3 304
133 3 322
134 3 307
135 3 272
136 3 313
138 3 323
139 3 317
140 3 319
141 3 311
142 3 299
143 3 317
144 3 319
145 3 317
146 3 320
147 3 300
148 3 295
149 3 303
150 3 378
151 3 298
152 3 308
153 3 286
155 3 293
157 3 281
159 3 311
160 3 320
161 3 281
162 3 314
163 3 291
164 3 289
165 3 306
166 3 322
167 3 302
168 3 297
169 3 295
170 3 283
172 3 302
173 3 303
174 3 316
175 3 286
176 3 304
177 3 309
178 3 274
180 3 274
182 3 275
184 3 312
185 3 299
186 3 303
187 3 308
188 3 315
190 3 284
192 3 310
193 3 311
194 3 296
195 3 330
196 3 316
197 3 320
198 3 279
199 3 297
200 3 322
201 3 307
202 3 291
203 3 329
204 3 298
205 3 296
206 3 303
207 3 309
208 3 270
209 3 328
211 3 292
212 3 299
213 3 288
214 3 307
215 3 257
216 3 311
217 3 338
218 3 311
219 3 318
220 3 277
221 3 309
222 3 311
223 3 285
224 3 276
226 3 308
227 3 262
228 3 280
230 3 288
231 3 298
232 3 314
233 3 302
234 3 320
235 3 308
236 3 300
237 3 326
238 3 346
239 3 269
240 3 277
241 3 281
242 3 316
243 3 324
244 3 325
245 3 274
246 3 286
247 3 308
248 3 309
249 3 326
250 3 298
251 3 300
252 3 329
253 3 286
254 3 299
255 3 326
256 3 291
257 3 318
258 3 283
260 3 313
261 3 298
262 3 300
263 3 291
264 3 297
265 3 318
266 3 306
267 3 309
268 3 271
269 3 293
271 3 271
272 3 285
273 3 300
274 3 290
275 3 289
276 3 273
277 3 309
278 3 323
279 3 294
280 3 285
281 3 293
282 3 285
283 3 279
284 3 271
285 3 299
286 3 286
287 3 290
288 3 289
289 3 291
290 3 300
291 3 319
292 3 313
293 3 283
294 3 314
295 3 334
296 3 318
297 3 281
298 3 303
299 3 298
300 3 315
301 3 288
302 3 319
304 3 322
306 3 308
307 3 315
308 3 301
309 3 296
310 3 284
311 3 292
312 3 294
313 3 316
314 3 285
315 3 297
316 3 322
317 3 296
318 3 295
319 3 278
320 3 320
321 3 323
323 3 341
324 3 286
325 3 346
326 3 271
327 3 292
328 3 258
329 3 294
330 3 302
331 3 296
332 3 313
333 3 287
334 3 312
335 3 308
336 3 303
337 3 298
338 3 287
339 3 304
340 3 301
341 3 307
342 3 306
343 3 276
344 3 303
345 3 287
346 3 351
347 3 305
348 3 289
350 3 307
351 3 302
353 3 304
354 3 301
355 3 294
356 3 300
357 3 310
358 3 322
359 3 322
360 3 308
361 3 290
362 3 285
363 3 308
364 3 280
365 3 310
366 3 318
367 3 309
371 3 288
372 3 295
373 3 297
374 3 285
375 3 319
376 3 293
377 3 302
378 3 278
379 3 346
380 3 273
381 3 295
382 3 272
383 3 307
384 3 311
385 3 316
386 3 320
387 3 303
388 3 289
389 3 314
390 3 302
391 3 284
392 3 297
393 3 315
395 3 283
396 3 314
397 3 279
398 3 332
399 3 288
400 3 312
401 3 302
402 3 288
403 3 297
404 3 318
405 3 318
406 3 314
407 3 330
408 3 319
409 3 338
410 3 308
411 3 301
412 3 320
413 3 315
414 3 305
415 3 311
418 3 282
419 3 294
420 3 298
421 3 275
422 3 291
423 3 278
424 3 326
425 3 280
426 3 293
427 3 276
429 3 318
430 3 302
431 3 299
432 3 308
433 3 299
434 3 296
435 3 317
436 3 314
438 3 280
439 3 313
440 3 299
441 3 308
442 3 297
443 3 317
444 3 279
445 3 323
446 3 289
447 3 300
448 3 290
449 3 331
450 3 282
451 3 299
452 3 321
453 3 309
454 3 321
455 3 315
456 3 288
457 3 281
458 3 289
459 3 307
460 3 341
462 3 311
463 3 298
464 3 315
465 3 303
466 3 294
467 3 298
468 3 293
469 3 288
470 3 287
471 3 317
472 3 306
473 3 314
474 3 303
475 3 297
476 3 295
477 3 296
478 3 286
479 3 307
480 3 292
481 3 298
482 3 311
483 3 318
484 3 301
485 3 282
486 3 316
487 3 290
488 3 299
489 3 270
491 3 258
492 3 308
493 3 322
494 3 315
495 3 324
497 3 329
498 3 301
499 3 308
0 4 262
1 4 272
2 4 304
3 4 295
4 4 298
6 4 285
7 4 318
8 4 260
9 4 304
10 4 276
11 4 305
12 4 314
13 4 288
14 4 316
16 4 303
17 4 292
18 4 266
19 4 276
21 4 299
22 4 297
23 4 302
24 4 309
25 4 304
26 4 321
27 4 289
28 4 323
29 4 336
30 4 290
31 4 333
32 4 302
33 4 309
34 4 298
35 4 293
36 4 280
37 4 320
38 4 298
39 4 297
40 4 302
41 4 342
42 4 282
43 4 318
44 4 326
45 4 306
46 4 310
47 4 310
48 4 299
50 4 272
51 4 300
52 4 281
53 4 310
54 4 312
55 4 270
56 4 345
57 4 292
58 4 290
59 4 251
60 4 306
61 4 296
62 4 320
63 4 313
65 4 309
66 4 305
67 4 283
68 4 293
69 4 311
70 4 305
71 4 315
72 4 318
73 4 338
74 4 300
75 4 288
76 4 304
77 4 336
78 4 267
79 4 299
80 4 299
81 4 311
82 4 303
83 4 327
84 4 318
85 4 276
86 4 303
87 4 303
88 4 318
89 4 281
90 4 288
91 4 292
92 4 297
93 4 300
94 4 319
96 4 282
97 4 302
98 4 282
99 4 301
100 4 267
101 4 312
102 4 303
103 4 319
104 4 295
105 4 303
106 4 312
107 4 311
109 4 273
110 4 279
111 4 301
112 4 306
113 4 308
114 4 307
116 4 306
117 4 328
118 4 320
119 4 308
120 4 299
121 4 276
122 4 296
123 4 302
124 4 317
125 4 293
126 4 316
127 4 277
128 4 313
129 4 266
130 4 279
131 4 298
132 4 312
133 4 301
134 4 301
135 4 305
136 4 285
137 4 307
138 4 315
140 4 313
141 4 292
142 4 306
143 4 317
144 4 297
145 4 299
146 4 269
147 4 296
149 4 327
150 4 294
151 4 315
152 4 309
153 4 304
154 4 287
155 4 315
156 4 316
157 4 325
158 4 307
159 4 318
160 4 303
161 4 334
162 4 299
163 4 310
164 4 318
165 4 306
166 4 296
167 4 295
168 4 330
169 4 264
171 4 277
172 4 286
173 4 299
174 4 290
175 4 309
176 4 299
177 4 325
178 4 321
179 4 324
181 4 302
182 4 320
183 4 317
184 4 325
185 4 280
186 4 309
187 4 301
188 4 292
189 4 269
190 4 306
191 4 300
192 4 298
193 4 285
194 4 297
195 4 287
196 4 289
199 4 273
200 4 309
201 4 302
202 4 305
204 4 278
205 4 292
206 4 296
207 4 275
208 4 289
209 4 313
210 4 307
211 4 303
212 4 310
213 4 316
214 4 304
215 4 296
216 4 299
218 4 309
219 4 303
220 4 311
221 4 295
222 4 271
223 4 308
224 4 314
225 4 305
226 4 270
227 4 308
228 4 305
230 4 279
231 4 313
232 4 320
233 4 311
234 4 293
235 4 312
236 4 308
237 4 293
238 4 285
239 4 301
240 4 303
241 4 301
242 4 280
243 4 304
245 4 312
246 4 304
247 4 289
248 4 256
249 4 300
251 4 297
252 4 294
253 4 324
254 4 313
255 4 310
256 4 287
257 4 316
259 4 297
260 4 300
261 4 286
263 4 343
265 4 296
266 4 284
267 4 320
268 4 312
269 4 342
270 4 274
271 4 301
272 4 298
273 4 310
274 4 277
275 4 296
276 4 331
277 4 302
278 4 324
279 4 301
280 4 333
281 4 301
282 4 312
283 4 313
284 4 317
286 4 315
287 4 273
288 4 327
289 4 299
290 4 300
292 4 306
293 4 331
294 4 300
295 4 334
296 4 297
297 4 281
298 4 297
299 4 302
300 4 306
301 4 313
302 4 297
303 4 260
304 4 290
305 4 306
306 4 299
307 4 291
308 4 275
309 4 302
310 4 298
311 4 283
312 4 305
313 4 297
314 4 315
315 4 284
317 4 331
318 4 307
319 4 323
320 4 305
321 4 280
322 4 289
323 4 305
324 4 303
325 4 326
326 4 307
327 4 301
328 4 295
329 4 280
330 4 306
331 4 294
332 4 285
334 4 288
335 4 301
336 4 302
337 4 288
338 4 319
339 4 346
340 4 296
341 4 284
342 4 311
343 4 305
344 4 302
345 4 278
346 4 329
348 4 289
349 4 317
350 4 327
351 4 304
352 4 301
353 4 315
355 4 275
357 4 338
358 4 341
359 4 267
360 4 336
361 4 292
362 4 301
363 4 326
364 4 304
365 4 253
366 4 301
367 4 300
368 4 313
370 4 307
372 4 322
373 4 298
374 4 303
375 4 304
376 4 287
377 4 285
378 4 311
379 4 292
380 4 313
381 4 308
382 4 283
383 4 292
384 4 308
385 4 284
386 4 310
389 4 291
390 4 330
391 4 302
392 4 317
393 4 328
394 4 328
395 4 295
396 4 279
397 4 292
398 4 311
399 4 272
400 4 302
401 4 289
404 4 310
405 4 319
406 4 297
407 4 295
408 4 308
409 4 282
410 4 321
411 4 299
412 4 332
413 4 319
414 4 270
415 4 309
416 4 309
417 4 323
418 4 315
419 4 317
420 4 324
421 4 305
422 4 314
423 4 294
425 4 291
426 4 330
427 4 288
428 4 297
429 4 301
430 4 298
431 4 303
432 4 276
433 4 294
434 4 291
435 4 317
436 4 320
437 4 299
438 4 275
439 4 269
440 4 290
441 4 329
443 4 294
444 4 321
445 4 310
446 4 299
447 4 288
448 4 272
449 4 285
450 4 298
451 4 282
452 4 311
453 4 317
454 4 300
455 4 328
456 4 262
457 4 284
459 4 310
460 4 315
462 4 320
463 4 302
464 4 284
465 4 290
466 4 304
467 4 356
468 4 324
469 4 346
470 4 349
471 4 300
472 4 302
473 4 277
474 4 290
475 4 303
476 4 294
477 4 303
478 4 297
479 4 286
480 4 270
481 4 306
482 4 306
483 4 308
484 4 303
485 4 306
486 4 271
487 4 282
488 4 310
489 4 300
490 4 299
491 4 316
492 4 300
493 4 272
494 4 309
495 4 285
496 4 305
497 4 320
498 4 304
499 4 337
0 5 310
1 5 319
2 5 320
3 5 298
4 5 285
5 5 295
6 5 298
7 5 290
8 5 310
9 5 296
11 5 274
13 5 296
14 5 312
15 5 334
16 5 299
17 5 305
18 5 294
19 5 301
20 5 287
21 5 332
22 5 306
24 5 306
25 5 279
27 5 276
28 5 313
29 5 301
30 5 280
31 5 332
32 5 325
33 5 303
34 5 283
35 5 319
36 5 307
37 5 303
38 5 332
39 5 277
40 5 309
41 5 297
42 5 320
43 5 311
44 5 307
45 5 283
46 5 301
47 5 316
48 5 293
49 5 295
51 5 315
52 5 306
53 5 287
54 5 315
55 5 333
56 5 314
57 5 296
58 5 299
59 5 335
60 5 275
61 5 284
62 5 274
63 5 275
66 5 279
67 5 312
69 5 285
70 5 341
71 5 309
72 5 295
73 5 286
74 5 316
75 5 314
76 5 306
77 5 294
78 5 340
79 5 292
80 5 285
81 5 322
82 5 308
83 5 318
84 5 275
85 5 311
87 5 330
88 5 286
89 5 296
90 5 313
92 5 310
93 5 307
95 5 302
96 5 300
97 5 309
98 5 304
99 5 307
100 5 300
101 5 316
102 5 293
103 5 285
104 5 318
105 5 324
106 5 281
110 5 311
111 5 287
112 5 319
113 5 318
114 5 306
115 5 325
116 5 312
117 5 285
118 5 331
119 5 305
120 5 260
121 5 315
123 5 279
124 5 305
125 5 304
126 5 324
127 5 318
128 5 293
129 5 312
130 5 291
131 5 359
133 5 290
134 5 295
136 5 293
137 5 292
138 5 287
139 5 300
140 5 288
141 5 320
142 5 307
143 5 289
144 5 326
145 5 285
146 5 316
147 5 333
148 5 284
150 5 293
151 5 315
152 5 262
153 5 311
154 5 295
155 5 311
156 5 326
157 5 290
158 5 319
159 5 313
160 5 287
161 5 290
162 5 301
163 5 291
164 5 319
165 5 285
166 5 277
167 5 298
169 5 286
170 5 328
171 5 286
172 5 317
173 5 296
174 5 293
176 5 318
177 5 317
178 5 306
179 5 295
180 5 311
181 5 313
182 5 283
183 5 297
186 5 307
187 5 307
188 5 308
189 5 334
190 5 300
191 5 285
192 5 308
193 5 301
194 5 333
195 5 275
196 5 315
197 5 305
199 5 306
200 5 311
201 5 333
202 5 297
203 5 315
204 5 281
205 5 326
206 5 305
207 5 325
208 5 313
209 5 276
210 5 279
211 5 296
212 5 296
213 5 286
214 5 291
216 5 278
217 5 298
218 5 301
219 5 319
220 5 298
221 5 298
222 5 322
223 5 287
224 5 312
226 5 283
227 5 318
228 5 326
229 5 328
230 5 310
231 5 292
232 5 294
233 5 325
234 5 302
236 5 324
237 5 292
238 5 336
239 5 334
240 5 297
241 5 331
242 5 289
243 5 304
245 5 305
246 5 288
247 5 340
248 5 306
249 5 306
250 5 330
251 5 276
252 5 310
253 5 305
254 5 289
255 5 285
256 5 289
257 5 293
258 5 304
259 5 278
260 5 329
261 5 319
262 5 280
263 5 308
264 5 276
265 5 314
266 5 321
268 5 298
269 5 339
270 5 306
271 5 325
273 5 292
274 5 306
275 5 275
276 5 315
277 5 284
278 5 298
279 5 296
281 5 330
282 5 305
283 5 336
284 5 297
285 5 314
286 5 242
287 5 320
288 5 282
289 5 284
290 5 314
292 5 313
293 5 297
294 5 312
295 5 291
297 5 273
298 5 307
299 5 303
301 5 297
302 5 297
303 5 331
304 5 318
305 5 268
306 5 323
307 5 284
308 5 293
309 5 314
310 5 285
311 5 278
312 5 291
313 5 316
314 5 276
315 5 305
316 5 302
317 5 301
318 5 325
319 5 291
320 5 295
321 5 334
322 5 288
323 5 285
324 5 289
327 5 307
328 5 321
329 5 341
330 5 300
331 5 285
332 5 308
333 5 309
334 5 322
335 5 309
336 5 300
337 5 313
338 5 296
339 5 304
340 5 297
341 5 306
342 5 313
344 5 317
345 5 319
346 5 308
347 5 292
348 5 298
349 5 260
350 5 303
351 5 300
352 5 297
353 5 302
354 5 315
355 5 301
356 5 287
357 5 276
358 5 304
360 5 298
361 5 332
362 5 291
364 5 292
366 5 297
368 5 328
369 5 321
370 5 334
371 5 316
372 5 290
374 5 311
375 5 303
376 5 305
377 5 336
378 5 334
379 5 318
380 5 316
381 5 314
382 5 327
383 5 264
384 5 320
385 5 301
386 5 307
387 5 314
388 5 318
389 5 303
390 5 312
391 5 310
392 5 326
393 5 305
394 5 324
395 5 303
396 5 304
397 5 293
398 5 304
399 5 291
401 5 305
402 5 302
403 5 318
404 5 294
405 5 292
406 5 286
407 5 285
408 5 297
409 5 288
410 5 309
411 5 301
412 5 294
414 5 321
415 5 309
416 5 316
417 5 321
418 5 321
419 5 289
420 5 287
421 5 313
423 5 301
424 5 324
426 5 281
427 5 297
428 5 304
429 5 271
430 5 303
431 5 302
432 5 325
434 5 289
435 5 304
436 5 300
437 5 297
438 5 316
439 5 286
440 5 256
441 5 301
442 5 292
443 5 280
444 5 308
446 5 282
447 5 319
448 5 328
449 5 315
451 5 303
452 5 286
453 5 305
454 5 287
455 5 340
458 5 318
459 5 295
460 5 309
461 5 271
463 5 341
464 5 244
465 5 259
466 5 348
468 5 291
469 5 299
470 5 305
471 5 269
472 5 306
473 5 275
474 5 282
475 5 311
476 5 302
477 5 277
478 5 341
479 5 313
480 5 316
481 5 272
482 5 279
483 5 290
484 5 320
485 5 291
486 5 301
487 5 268
489 5 294
490 5 287
491 5 281
492 5 299
494 5 295
495 5 308
496 5 321
497 5 313
498 5 298
499 5 315
0 6 314
1 6 312
2 6 308
3 6 294
5 6 306
6 6 309
7 6 316
8 6 301
9 6 320
10 6 324
11 6 284
12 6 315
13 6 273
14 6 275
15 6 323
16 6 290
17 6 281
18 6 290
19 6 309
20 6 319
21 6 312
22 6 280
23 6 317
24 6 318
27 6 319
28 6 284
29 6 322
30 6 306
31 6 289
32 6 316
33 6 298
34 6 289
35 6 313
36 6 307
37 6 288
38 6 322
39 6 318
40 6 322
41 6 292
42 6 283
43 6 269
44 6 319
45 6 300
46 6 305
47 6 283
48 6 343
49 6 303
50 6 300
51 6 331
52 6 301
54 6 310
55 6 266
56 6 303
57 6 314
58 6 308
59 6 308
60 6 278
61 6 299
62 6 289
63 6 295
64 6 269
66 6 273
67 6 294
68 6 280
69 6 325
70 6 332
71 6 289
72 6 266
73 6 274
74 6 271
75 6 272
76 6 296
77 6 294
78 6 275
79 6 312
80 6 303
81 6 287
82 6 293
83 6 313
84 6 283
85 6 300
86 6 325
87 6 278
88 6 305
89 6 300
90 6 282
91 6 332
92 6 323
93 6 297
94 6 295
95 6 316
96 6 275
97 6 294
98 6 311
99 6 294
100 6 306
103 6 298
105 6 296
107 6 333
108 6 296
109 6 281
110 6 310
111 6 296
112 6 325
113 6 296
114 6 317
115 6 323
116 6 278
117 6 301
118 6 307
119 6 285
120 6 339
122 6 293
123 6 280
124 6 310
125 6 321
126 6 290
127 6 273
128 6 310
129 6 334
130 6 303
131 6 304
132 6 297
133 6 297
134 6 289
135 6 279
136 6 279
137 6 313
138 6 297
139 6 293
140 6 296
141 6 317
143 6 324
144 6 318
145 6 314
146 6 279
147 6 312
149 6 306
150 6 308
151 6 308
152 6 301
153 6 299
154 6 322
155 6 288
156 6 261
158 6 291
160 6 291
161 6 288
162 6 330
163 6 294
164 6 294
166 6 325
167 6 279
168 6 305
169 6 310
171 6 305
172 6 314
173 6 294
174 6 300
175 6 289
176 6 280
177 6 274
178 6 311
179 6 312
180 6 327
181 6 300
183 6 299
184 6 304
185 6 297
186 6 273
188 6 297
189 6 342
190 6 326
191 6 315
192 6 260
193 6 260
194 6 289
195 6 291
196 6 315
197 6 337
198 6 315
199 6 286
200 6 289
201 6 306
202 6 283
203 6 311
204 6 283
205 6 304
206 6 332
207 6 314
208 6 282
209 6 273
210 6 301
212 6 287
213 6 302
214 6 298
215 6 304
218 6 342
219 6 294
220 6 285
221 6 288
222 6 319
223 6 301
224 6 325
225 6 277
226 6 283
227 6 295
228 6 316
229 6 304
230 6 324
231 6 284
232 6 318
233 6 276
234 6 316
235 6 312
236 6 304
237 6 327
238 6 312
239 6 280
240 6 279
241 6 309
242 6 275
245 6 287
246 6 296
247 6 282
248 6 265
249 6 297
250 6 295
251 6 316
252 6 319
253 6 289
255 6 290
256 6 270
257 6 311
258 6 292
260 6 296
261 6 286
262 6 284
263 6 332
265 6 303
266 6 269
267 6 341
268 6 328
269 6 328
270 6 295
271 6 281
272 6 281
273 6 302
274 6 318
275 6 324
276 6 317
277 6 342
278 6 303
279 6 321
281 6 326
282 6 275
283 6 258
284 6 311
285 6 298
287 6 296
288 6 314
289 6 312
292 6 307
293 6 296
294 6 309
295 6 289
297 6 307
298 6 318
299 6 283
301 6 281
302 6 272
303 6 292
304 6 277
305 6 281
306 6 285
307 6 342
308 6 302
309 6 312
311 6 280
312 6 310
313 6 304
314 6 316
315 6 341
316 6 311
317 6 303
318 6 296
319 6 299
320 6 284
321 6 287
322 6 292
323 6 296
324 6 329
325 6 277
326 6 306
328 6 289
330 6 292
331 6 297
332 6 321
333 6 286
334 6 313
335 6 303
336 6 282
337 6 302
338 6 309
341 6 315
342 6 307
343 6 288
344 6 304
345 6 282
346 6 306
347 6 343
348 6 325
349 6 269
350 6 293
351 6 302
353 6 326
354 6 321
356 6 291
357 6 294
359 6 302
360 6 305
362 6 316
363 6 308
364 6 320
365 6 275
366 6 314
367 6 308
368 6 308
369 6 302
370 6 315
371 6 332
372 6 284
373 6 334
374 6 295
375 6 314
376 6 328
377 6 292
378 6 291
379 6 298
380 6 269
381 6 306
382 6 321
383 6 316
384 6 298
385 6 281
386 6 295
387 6 294
388 6 299
389 6 325
390 6 292
391 6 289
392 6 293
393 6 295
394 6 309
395 6 321
396 6 298
397 6 288
398 6 327
400 6 295
401 6 315
402 6 312
403 6 310
404 6 321
405 6 320
407 6 320
408 6 308
409 6 330
410 6 299
411 6 288
412 6 277
413 6 290
414 6 307
415 6 300
416 6 266
417 6 304
418 6 307
419 6 303
421 6 320
423 6 309
424 6 289
425 6 288
426 6 272
427 6 310
428 6 294
429 6 306
430 6 293
431 6 329
432 6 319
433 6 312
434 6 266
435 6 258
436 6 302
437 6 328
438 6 336
439 6 332
440 6 320
441 6 324
442 6 284
443 6 294
444 6 313
445 6 304
446 6 313
447 6 295
448 6 303
449 6 304
450 6 316
452 6 299
453 6 291
454 6 313
455 6 292
456 6 309
457 6 258
458 6 325
459 6 283
460 6 294
461 6 288
462 6 261
463 6 306
464 6 293
465 6 295
466 6 297
467 6 297
468 6 309
469 6 295
471 6 283
472 6 281
473 6 309
474 6 310
475 6 270
476 6 310
477 6 276
478 6 324
479 6 269
480 6 308
481 6 305
483 6 309
484 6 292
486 6 321
488 6 290
489 6 308
490 6 317
491 6 310
492 6 301
494 6 303
495 6 281
496 6 306
497 6 298
498 6 307
499 6 257
0 7 291
2 7 300
3 7 254
4 7 292
5 7 317
6 7 316
7 7 304
9 7 289
10 7 282
11 7 309
12 7 298
13 7 307
15 7 310
16 7 300
17 7 310
18 7 322
19 7 291
20 7 320
21 7 328
22 7 287
23 7 285
24 7 277
25 7 291
27 7 299
28 7 305
29 7 264
30 7 320
31 7 331
32 7 325
33 7 312
34 7 324
35 7 240
36 7 304
37 7 321
39 7 328
40 7 329
41 7 290
42 7 307
43 7 299
44 7 310
45 7 303
46 7 300
47 7 300
48 7 276
49 7 294
50 7 320
51 7 286
52 7 316
53 7 268
54 7 301
55 7 286
56 7 283
57 7 278
58 7 308
59 7 332
61 7 292
63 7 292
64 7 279
65 7 294
66 7 313
67 7 326
68 7 327
69 7 305
70 7 348
71 7 302
73 7 309
74 7 282
75 7 304
76 7 312
77 7 275
78 7 334
79 7 309
81 7 305
82 7 272
83 7 299
84 7 300
85 7 275
86 7 282
88 7 297
90 7 289
91 7 276
93 7 309
94 7 287
95 7 304
96 7 306
97 7 256
98 7 290
99 7 297
100 7 302
101 7 300
102 7 309
103 7 287
104 7 296
105 7 277
106 7 321
107 7 295
108 7 288
109 7 291
110 7 286
111 7 294
112 7 292
114 7 301
115 7 302
116 7 285
117 7 285
118 7 299
119 7 301
120 7 305
121 7 313
122 7 300
123 7 319
124 7 314
125 7 317
126 7 290
127 7 307
128 7 291
129 7 343
130 7 292
132 7 328
133 7 283
134 7 295
135 7 304
136 7 285
137 7 292
139 7 315
140 7 322
142 7 308
143 7 297
144 7 266
145 7 314
146 7 332
148 7 333
149 7 305
150 7 275
151 7 303
152 7 304
153 7 292
154 7 295
155 7 328
156 7 290
157 7 286
158 7 294
159 7 276
160 7 301
161 7 288
162 7 302
164 7 312
165 7 305
166 7 330
167 7 297
169 7 301
170 7 319
171 7 298
172 7 275
173 7 341
174 7 336
175 7 295
176 7 298
177 7 278
178 7 294
179 7 278
180 7 302
181 7 290
183 7 278
184 7 294
186 7 252
187 7 271
188 7 284
189 7 313
190 7 301
191 7 292
192 7 285
193 7 329
194 7 308
195 7 320
196 7 292
197 7 268
198 7 299
199 7 274
200 7 301
201 7 306
202 7 279
203 7 324
204 7 306
205 7 319
206 7 304
207 7 308
208 7 320
209 7 288
210 7 306
211 7 314
212 7 313
213 7 302
214 7 274
215 7 285
216 7 292
217 7 282
218 7 284
219 7 291
220 7 314
221 7 298
222 7 327
223 7 304
224 7 265
225 7 296
226 7 279
228 7 294
229 7 327
231 7 282
232 7 302
233 7 309
234 7 316
235 7 302
236 7 286
237 7 322
238 7 312
239 7 303
240 7 289
241 7 328
242 7 271
243 7 304
244 7 354
245 7 299
247 7 297
248 7 293
249 7 297
250 7 281
252 7 285
253 7 322
255 7 293
256 7 283
257 7 301
258 7 293
259 7 286
260 7 301
262 7 300
263 7 300
264 7 273
265 7 316
266 7 318
267 7 338
268 7 366
269 7 298
270 7 322
271 7 274
272 7 321
273 7 300
276 7 306
277 7 287
278 7 336
279 7 298
281 7 306
282 7 313
283 7 299
285 7 311
286 7 294
288 7 299
289 7 325
290 7 278
291 7 313
292 7 297
293 7 300
294 7 292
295 7 276
296 7 269
297 7 316
298 7 289
299 7 304
300 7 304
301 7 271
302 7 284
303 7 343
304 7 290
305 7 318
306 7 266
307 7 293
308 7 296
309 7 303
310 7 277
311 7 298
312 7 303
313 7 276
314 7 302
315 7 311
316 7 319
317 7 279
318 7 280
319 7 267
320 7 316
321 7 285
322 7 295
323 7 278
324 7 283
325 7 298
326 7 295
327 7 299
328 7 308
329 7 292
330 7 289
331 7 333
332 7 325
333 7 310
334 7 303
335 7 312
336 7 294
338 7 273
339 7 314
341 7 296
342 7 277
343 7 297
344 7 305
346 7 288
347 7 299
348 7 295
349 7 281
350 7 298
351 7 293
352 7 310
353 7 297
354 7 296
355 7 295
356 7 257
357 7 310
358 7 266
359 7 310
360 7 318
361 7 305
362 7 289
363 7 297
364 7 354
365 7 302
366 7 337
367 7 313
368 7 289
369 7 300
370 7 289
371 7 297
372 7 299
373 7 291
374 7 289
375 7 329
376 7 293
377 7 301
378 7 311
379 7 305
380 7 307
381 7 304
382 7 289
383 7 307
384 7 319
385 7 280
387 7 294
388 7 305
389 7 290
390 7 305
391 7 331
392 7 279
393 7 315
394 7 337
395 7 316
396 7 286
397 7 294
398 7 315
399 7 313
400 7 281
401 7 269
402 7 298
403 7 338
404 7 302
406 7 308
407 7 313
408 7 294
409 7 292
410 7 295
411 7 297
412 7 308
413 7 281
414 7 312
415 7 310
416 7 343
417 7 293
418 7 297
419 7 285
420 7 266
421 7 288
423 7 318
424 7 313
425 7 264
426 7 320
427 7 316
428 7 299
429 7 297
430 7 292
431 7 336
432 7 289
433 7 272
434 7 309
435 7 308
436 7 300
437 7 292
438 7 311
439 7 306
440 7 272
441 7 336
442 7 297
443 7 277
444 7 304
445 7 322
446 7 287
447 7 280
448 7 298
449 7 298
450 7 329
451 7 290
452 7 293
453 7 274
454 7 311
455 7 290
456 7 318
458 7 289
459 7 289
460 7 305
461 7 323
462 7 318
463 7 338
464 7 293
466 7 302
467 7 312
468 7 307
469 7 288
470 7 287
472 7 306
473 7 297
475 7 315
476 7 290
477 7 294
478 7 301
479 7 306
481 7 280
482 7 311
483 7 329
485 7 282
486 7 295
487 7 301
488 7 304
489 7 294
490 7 293
491 7 294
494 7 318
495 7 307
496 7 288
497 7 332
498 7 264
499 7 299
0 8 311
1 8 327
2 8 314
3 8 291
4 8 309
5 8 301
6 8 313
7 8 294
8 8 337
9 8 297
10 8 289
12 8 302
13 8 271
14 8 325
15 8 294
16 8 301
17 8 280
18 8 287
19 8 326
21 8 294
22 8 337
23 8 299
24 8 287
26 8 285
28 8 299
29 8 296
30 8 292
31 8 304
32 8 271
34 8 265
35 8 315
36 8 288
37 8 305
38 8 281
39 8 293
40 8 321
41 8 292
42 8 293
43 8 273
44 8 300
45 8 309
46 8 299
47 8 291
48 8 284
49 8 291
50 8 287
51 8 292
52 8 296
53 8 283
54 8 300
55 8 304
57 8 333
58 8 320
59 8 297
60 8 301
61 8 289
62 8 276
63 8 293
64 8 301
65 8 305
67 8 291
69 8 307
70 8 303
71 8 291
72 8 293
73 8 358
74 8 280
75 8 301
76 8 294
77 8 304
78 8 314
79 8 275
80 8 272
81 8 306
82 8 320
83 8 279
85 8 301
86 8 310
87 8 332
88 8 277
89 8 280
91 8 295
94 8 330
95 8 282
96 8 303
97 8 294
98 8 316
99 8 308
100 8 309
101 8 304
102 8 285
103 8 299
104 8 296
105 8 309
106 8 297
107 8 300
108 8 329
109 8 332
110 8 306
112 8 311
114 8 325
115 8 313
116 8 302
118 8 273
119 8 322
120 8 296
121 8 276
122 8 340
123 8 271
125 8 284
126 8 297
127 8 316
128 8 288
129 8 295
131 8 311
132 8 324
134 8 292
135 8 288
136 8 315
137 8 272
138 8 301
139 8 272
140 8 317
141 8 294
142 8 317
144 8 320
146 8 288
147 8 292
148 8 327
149 8 289
151 8 294
152 8 286
153 8 310
154 8 288
155 8 280
156 8 293
157 8 298
158 8 320
159 8 282
160 8 314
162 8 297
163 8 273
165 8 346
166 8 301
167 8 278
168 8 298
169 8 293
171 8 325
173 8 305
175 8 303
176 8 325
177 8 269
178 8 303
179 8 320
180 8 284
181 8 277
182 8 308
183 8 317
184 8 294
185 8 298
186 8 295
187 8 311
188 8 275
189 8 310
190 8 326
191 8 299
193 8 315
194 8 315
195 8 283
196 8 285
197 8 306
199 8 290
200 8 325
201 8 296
202 8 300
204 8 311
205 8 308
206 8 284
207 8 298
208 8 305
209 8 297
210 8 321
211 8 317
212 8 289
213 8 286
215 8 323
216 8 291
217 8 293
218 8 327
219 8 271
220 8 298
221 8 316
222 8 338
223 8 289
224 8 328
225 8 276
226 8 312
227 8 281
228 8 284
229 8 289
230 8 279
231 8 298
232 8 300
233 8 272
235 8 305
236 8 267
237 8 293
238 8 346
239 8 301
240 8 298
241 8 300
242 8 298
243 8 291
245 8 299
246 8 277
247 8 315
248 8 287
249 8 323
250 8 312
251 8 291
252 8 273
253 8 323
254 8 282
255 8 304
256 8 303
257 8 315
258 8 296
259 8 314
260 8 296
261 8 325
262 8 307
263 8 268
264 8 314
265 8 307
267 8 278
268 8 319
269 8 319
270 8 312
271 8 299
272 8 296
273 8 284
274 8 271
275 8 293
276 8 308
277 8 296
278 8 314
279 8 289
280 8 317
281 8 285
282 8 277
283 8 284
284 8 315
285 8 299
286 8 301
288 8 299
289 8 279
290 8 318
291 8 292
292 8 319
293 8 291
294 8 259
295 8 276
296 8 319
297 8 295
298 8 285
299 8 292
300 8 310
301 8 322
302 8 308
303 8 295
304 8 325
305 8 327
306 8 340
307 8 311
308 8 285
309 8 286
310 8 337
312 8 290
313 8 288
314 8 303
315 8 301
316 8 290
317 8 294
318 8 292
319 8 318
320 8 335
321 8 299
322 8 283
323 8 284
324 8 291
325 8 332
326 8 283
328 8 321
329 8 308
330 8 300
331 8 337
332 8 330
333 8 330
334 8 297
335 8 303
336 8 309
337 8 298
338 8 298
339 8 290
340 8 340
341 8 262
342 8 291
343 8 291
344 8 290
345 8 311
346 8 285
347 8 325
348 8 295
349 8 316
350 8 346
351 8 314
352 8 297
353 8 308
354 8 302
355 8 267
356 8 302
357 8 258
358 8 303
359 8 304
360 8 301
361 8 316
362 8 280
363 8 276
364 8 303
365 8 294
367 8 309
369 8 305
370 8 312
371 8 301
372 8 298
373 8 301
374 8 300
375 8 256
376 8 300
377 8 306
379 8 304
380 8 286
381 8 309
382 8 308
383 8 283
384 8 294
385 8 303
386 8 291
387 8 301
388 8 294
389 8 294
390 8 294
391 8 290
392 8 286
393 8 315
394 8 298
395 8 328
396 8 276
397 8 284
398 8 302
399 8 303
401 8 289
402 8 280
403 8 283
404 8 270
405 8 312
406 8 315
407 8 281
409 8 299
410 8 318
411 8 300
412 8 291
413 8 290
414 8 287
415 8 298
416 8 272
417 8 320
418 8 279
419 8 311
420 8 282
421 8 298
422 8 311
423 8 308
425 8 303
426 8 287
427 8 311
428 8 263
429 8 270
430 8 295
431 8 278
432 8 295
433 8 335
434 8 311
435 8 272
436 8 329
437 8 311
438 8 306
439 8 306
440 8 298
441 8 299
443 8 286
444 8 290
445 8 324
446 8 312
447 8 299
449 8 263
451 8 319
452 8 307
453 8 249
454 8 294
455 8 302
456 8 310
457 8 285
458 8 334
460 8 293
461 8 297
462 8 287
463 8 292
464 8 333
467 8 277
469 8 312
470 8 293
471 8 289
472 8 310
473 8 275
475 8 307
477 8 298
478 8 314
479 8 298
480 8 321
481 8 288
482 8 297
483 8 296
484 8 318
485 8 317
486 8 272
487 8 297
488 8 288
489 8 296
490 8 305
491 8 296
492 8 313
493 8 321
494 8 282
495 8 331
496 8 351
497 8 259
498 8 305
499 8 295
0 9 292
2 9 325
3 9 274
4 9 277
5 9 300
6 9 292
8 9 311
9 9 325
10 9 303
11 9 313
12 9 291
13 9 305
14 9 293
15 9 324
16 9 321
17 9 304
18 9 305
19 9 329
20 9 276
21 9 283
22 9 334
23 9 309
24 9 331
25 9 331
26 9 280
27 9 260
28 9 309
29 9 285
30 9 337
31 9 311
32 9 277
34 9 284
35 9 321
36 9 285
37 9 286
38 9 305
39 9 322
40 9 322
41 9 277
42 9 294
43 9 305
44 9 302
45 9 321
46 9 269
47 9 271
49 9 284
50 9 288
51 9 284
52 9 293
53 9 330
54 9 298
55 9 310
56 9 287
57 9 314
58 9 335
60 9 290
62 9 265
64 9 328
65 9 288
66 9 276
67 9 320
68 9 292
69 9 286
70 9 291
71 9 267
72 9 297
73 9 291
74 9 315
75 9 319
76 9 301
77 9 283
78 9 294
79 9 302
80 9 321
81 9 313
82 9 328
83 9 273
84 9 319
85 9 282
87 9 277
88 9 328
90 9 291
91 9 316
92 9 308
93 9 274
94 9 293
95 9 311
96 9 305
97 9 295
98 9 273
100 9 308
101 9 324
102 9 292
103 9 282
104 9 299
105 9 280
106 9 297
107 9 305
108 9 306
109 9 306
110 9 289
111 9 325
112 9 295
113 9 322
115 9 298
116 9 322
117 9 290
119 9 284
120 9 302
121 9 327
122 9 279
124 9 298
126 9 307
127 9 336
128 9 284
129 9 324
130 9 292
131 9 285
132 9 308
133 9 307
135 9 322
136 9 305
138 9 277
139 9 282
140 9 314
141 9 312
142 9 318
143 9 313
144 9 332
145 9 261
146 9 293
147 9 313
148 9 311
149 9 293
150 9 290
151 9 339
152 9 316
153 9 292
155 9 315
156 9 298
157 9 301
158 9 316
159 9 288
160 9 313
161 9 275
162 9 300
163 9 317
164 9 297
165 9 309
166 9 313
167 9 311
168 9 320
169 9 302
170 9 271
171 9 307
172 9 290
173 9 335
174 9 286
175 9 331
177 9 281
178 9 317
179 9 283
180 9 300
181 9 303
182 9 315
183 9 296
184 9 321
186 9 304
187 9 323
188 9 300
189 9 287
190 9 303
191 9 291
192 9 304
193 9 279
194 9 285
195 9 316
196 9 288
197 9 328
198 9 287
199 9 291
200 9 292
201 9 295
202 9 309
203 9 309
204 9 299
205 9 295
206 9 305
207 9 330
208 9 308
209 9 299
210 9 328
211 9 308
212 9 304
213 9 330
214 9 300
215 9 265
216 9 315
217 9 314
218 9 307
219 9 329
220 9 283
222 9 285
223 9 306
224 9 296
225 9 289
226 9 288
227 9 284
228 9 304
229 9 320
230 9 307
231 9 309
232 9 293
233 9 265
234 9 285
235 9 305
237 9 304
238 9 311
239 9 322
240 9 296
241 9 310
242 9 293
243 9 290
244 9 319
245 9 325
246 9 293
247 9 325
248 9 280
249 9 262
250 9 302
253 9 336
254 9 313
255 9 305
257 9 313
258 9 292
259 9 293
260 9 294
261 9 278
262 9 297
263 9 289
264 9 294
265 9 304
267 9 293
268 9 294
270 9 297
271 9 289
272 9 324
273 9 281
274 9 274
275 9 289
276 9 305
277 9 316
278 9 334
279 9 283
281 9 298
282 9 319
283 9 329
284 9 279
285 9 296
286 9 325
287 9 307
289 9 309
290 9 306
291 9 288
292 9 325
293 9 286
294 9 296
296 9 321
297 9 300
298 9 306
299 9 314
301 9 306
302 9 270
303 9 331
304 9 310
305 9 329
306 9 282
308 9 301
309 9 311
310 9 282
311 9 287
312 9 303
313 9 290
314 9 306
315 9 322
316 9 308
317 9 287
318 9 296
319 9 284
320 9 283
321 9 285
322 9 309
323 9 302
324 9 324
325 9 293
326 9 298
328 9 328
329 9 318
330 9 312
331 9 299
332 9 298
333 9 306
334 9 316
335 9 299
336 9 312
337 9 308
338 9 313
339 9 299
340 9 315
341 9 329
342 9 308
344 9 311
345 9 304
346 9 310
347 9 280
348 9 289
349 9 320
350 9 283
351 9 299
352 9 318
353 9 304
354 9 277
355 9 291
357 9 278
359 9 318
360 9 299
361 9 298
362 9 287
363 9 299
364 9 299
365 9 312
366 9 300
367 9 310
368 9 316
369 9 279
372 9 310
374 9 306
375 9 319
376 9 305
378 9 299
380 9 316
381 9 298
382 9 328
384 9 300
385 9 325
386 9 317
387 9 311
389 9 316
390 9 298
391 9 300
392 9 305
393 9 306
394 9 292
395 9 332
396 9 296
397 9 303
398 9 303
399 9 277
401 9 302
403 9 302
404 9 321
405 9 312
406 9 305
407 9 281
408 9 254
409 9 305
410 9 301
411 9 278
412 9 294
413 9 303
414 9 301
415 9 326
416 9 312
417 9 323
418 9 330
419 9 308
420 9 305
421 9 290
422 9 280
423 9 303
424 9 297
425 9 313
426 9 313
427 9 305
428 9 305
429 9 300
430 9 321
432 9 282
433 9 303
434 9 294
435 9 308
436 9 332
437 9 291
439 9 305
440 9 301
442 9 278
443 9 285
444 9 308
445 9 302
446 9 290
448 9 309
450 9 289
451 9 321
452 9 315
453 9 322
455 9 270
456 9 293
457 9 301
458 9 303
459 9 307
460 9 280
461 9 319
462 9 295
463 9 286
464 9 299
465 9 323
466 9 272
467 9 300
468 9 312
469 9 303
470 9 305
471 9 301
472 9 296
473 9 284
474 9 299
475 9 312
476 9 292
477 9 307
478 9 292
479 9 322
482 9 322
483 9 301
484 9 270
485 9 317
486 9 304
487 9 294
488 9 315
489 9 305
490 9 297
491 9 299
492 9 295
493 9 307
494 9 303
495 9 290
496 9 269
497 9 325
498 9 311
499 9 325
1 10 297
2 10 320
3 10 331
4 10 309
6 10 333
7 10 278
8 10 318
9 10 299
10 10 281
11 10 274
13 10 331
14 10 272
15 10 284
16 10 291
18 10 314
19 10 274
20 10 319
22 10 334
23 10 296
24 10 327
25 10 321
26 10 300
27 10 306
28 10 304
29 10 293
30 10 328
31 10 325
32 10 297
33 10 309
34 10 309
35 10 317
37 10 279
38 10 318
39 10 293
40 10 285
41 10 299
42 10 270
43 10 306
44 10 310
45 10 309
46 10 314
47 10 285
48 10 300
49 10 309
50 10 294
51 10 296
52 10 252
53 10 265
54 10 313
55 10 289
56 10 336
57 10 296
58 10 316
59 10 313
60 10 288
61 10 289
62 10 291
63 10 323
64 10 307
65 10 299
66 10 295
68 10 348
70 10 297
71 10 280
72 10 300
73 10 305
74 10 275
75 10 298
76 10 300
78 10 285
79 10 303
80 10 297
81 10 309
82 10 305
83 10 340
84 10 276
85 10 293
86 10 305
87 10 290
88 10 302
89 10 326
90 10 311
91 10 296
92 10 312
93 10 289
94 10 299
95 10 337
96 10 269
97 10 343
98 10 319
99 10 300
100 10 310
101 10 284
102 10 296
103 10 324
105 10 305
106 10 307
107 10 284
108 10 304
109 10 274
110 10 262
111 10 300
112 10 327
113 10 306
114 10 289
115 10 291
116 10 306
117 10 338
118 10 308
119 10 297
120 10 306
121 10 344
122 10 289
123 10 290
124 10 302
125 10 304
126 10 306
127 10 290
129 10 334
130 10 284
131 10 325
132 10 307
133 10 293
134 10 335
135 10 315
136 10 311
137 10 290
140 10 303
141 10 295
142 10 261
143 10 316
144 10 288
145 10 325
146 10 319
148 10 319
149 10 308
150 10 306
151 10 278
152 10 335
154 10 274
155 10 278
156 10 278
157 10 305
158 10 285
160 10 321
161 10 289
162 10 290
163 10 321
164 10 299
165 10 296
166 10 266
167 10 343
168 10 306
169 10 308
170 10 318
171 10 290
172 10 304
173 10 343
174 10 316
176 10 292
177 10 315
178 10 299
179 10 289
180 10 306
181 10 314
182 10 309
183 10 291
185 10 315
186 10 309
187 10 281
188 10 325
189 10 294
190 10 299
191 10 321
192 10 304
193 10 343
194 10 306
195 10 297
196 10 296
197 10 337
198 10 325
199 10 330
200 10 331
201 10 276
203 10 283
204 10 284
205 10 306
206 10 310
207 10 305
208 10 336
209 10 296
210 10 312
211 10 316
214 10 308
215 10 332
216 10 266
218 10 269
219 10 302
220 10 283
221 10 281
222 10 289
223 10 295
224 10 289
225 10 286
226 10 279
227 10 297
228 10 335
229 10 289
230 10 310
231 10 318
233 10 325
234 10 287
235 10 317
237 10 304
238 10 271
239 10 284
240 10 303
241 10 328
242 10 308
243 10 326
244 10 300
245 10 330
246 10 302
247 10 288
248 10 322
249 10 331
250 10 272
251 10 315
252 10 297
254 10 295
255 10 318
256 10 283
257 10 300
258 10 268
259 10 306
260 10 326
261 10 305
262 10 320
263 10 293
264 10 317
265 10 306
266 10 310
267 10 301
268 10 306
269 10 311
270 10 298
271 10 311
272 10 273
273 10 321
274 10 318
275 10 298
276 10 280
277 10 309
281 10 280
285 10 293
286 10 284
287 10 308
288 10 299
289 10 302
290 10 315
291 10 288
292 10 283
294 10 295
295 10 305
296 10 299
297 10 307
298 10 279
299 10 303
300 10 324
302 10 332
304 10 287
305 10 287
306 10 315
307 10 315
308 10 264
309 10 340
310 10 294
311 10 313
312 10 290
313 10 288
314 10 305
315 10 305
318 10 307
319 10 290
320 10 320
321 10 300
322 10 326
324 10 281
325 10 307
326 10 308
328 10 307
329 10 325
330 10 273
331 10 317
332 10 336
333 10 317
334 10 312
335 10 278
336 10 251
337 10 285
338 10 288
340 10 308
341 10 320
342 10 314
344 10 318
346 10 315
347 10 314
348 10 272
349 10 291
350 10 311
351 10 301
352 10 314
353 10 291
354 10 348
355 10 315
356 10 307
357 10 318
358 10 320
359 10 311
360 10 284
361 10 335
362 10 302
364 10 274
365 10 295
366 10 318
367 10 296
368 10 281
369 10 293
370 10 295
371 10 289
373 10 281
374 10 299
375 10 289
376 10 296
377 10 279
379 10 276
380 10 321
381 10 290
383 10 282
384 10 286
385 10 299
386 10 292
387 10 308
389 10 317
390 10 256
391 10 340
392 10 281
393 10 303
394 10 284
395 10 304
396 10 305
397 10 290
398 10 278
399 10 294
400 10 346
401 10 308
402 10 304
403 10 320
404 10 310
405 10 318
406 10 302
407 10 308
408 10 305
409 10 301
410 10 291
411 10 329
412 10 285
413 10 283
414 10 322
415 10 288
417 10 312
418 10 289
419 10 307
420 10 292
421 10 307
422 10 294
423 10 316
424 10 320
425 10 279
427 10 288
428 10 311
429 10 296
430 10 312
431 10 295
432 10 307
434 10 319
435 10 277
436 10 286
437 10 301
438 10 323
439 10 328
440 10 309
441 10 308
442 10 308
443 10 295
444 10 303
445 10 327
448 10 325
449 10 288
452 10 318
453 10 316
455 10 280
456 10 301
457 10 309
458 10 311
459 10 286
460 10 287
463 10 280
464 10 304
465 10 280
466 10 314
467 10 310
468 10 285
469 10 290
470 10 305
471 10 291
472 10 263
473 10 270
475 10 293
476 10 293
477 10 320
478 10 309
479 10 331
481 10 300
482 10 300
483 10 304
485 10 293
486 10 302
487 10 332
488 10 264
489 10 300
490 10 302
491 10 320
492 10 295
493 10 311
494 10 311
495 10 330
496 10 295
497 10 293
498 10 289
499 10 282
0 11 314
1 11 311
2 11 319
3 11 313
4 11 287
5 11 288
6 11 310
7 11 309
8 11 292
9 11 312
10 11 307
11 11 307
12 11 317
13 11 291
14 11 293
15 11 267
16 11 290
17 11 336
18 11 291
19 11 296
20 11 322
22 11 278
23 11 294
24 11 287
25 11 307
26 11 320
27 11 280
28 11 334
29 11 286
30 11 315
31 11 325
32 11 309
34 11 300
35 11 324
36 11 281
37 11 276
38 11 303
39 11 282
40 11 309
41 11 306
42 11 275
43 11 289
44 11 298
45 11 284
46 11 309
47 11 293
48 11 314
49 11 317
50 11 303
51 11 280
52 11 317
53 11 340
54 11 319
55 11 319
56 11 293
58 11 276
59 11 300
60 11 330
61 11 287
62 11 285
63 11 283
64 11 324
65 11 314
66 11 278
68 11 311
70 11 299
72 11 268
73 11 323
74 11 300
75 11 311
77 11 272
78 11 295
79 11 309
80 11 325
81 11 296
82 11 300
83 11 296
84 11 296
86 11 288
88 11 310
89 11 302
90 11 312
91 11 288
92 11 294
93 11 307
94 11 302
95 11 302
96 11 301
97 11 283
98 11 302
99 11 315
101 11 302
102 11 315
103 11 286
104 11 346
105 11 305
106 11 293
107 11 293
108 11 313
109 11 320
110 11 296
111 11 298
112 11 290
113 11 309
114 11 307
115 11 304
116 11 306
117 11 272
118 11 299
119 11 282
120 11 317
121 11 286
123 11 278
124 11 323
125 11 291
127 11 326
128 11 320
129 11 321
130 11 285
131 11 330
132 11 329
133 11 285
135 11 321
136 11 284
137 11 296
138 11 324
139 11 306
140 11 278
141 11 321
142 11 310
143 11 295
144 11 290
145 11 288
146 11 286
147 11 308
148 11 288
149 11 302
150 11 299
152 11 288
153 11 286
154 11 320
156 11 283
157 11 282
158 11 280
159 11 287
160 11 304
161 11 299
163 11 297
164 11 276
165 11 303
166 11 288
167 11 290
168 11 302
169 11 279
170 11 270
171 11 298
172 11 329
173 11 302
174 11 281
175 11 283
176 11 303
178 11 303
180 11 299
181 11 295
182 11 314
183 11 328
185 11 289
187 11 305
190 11 304
191 11 304
192 11 292
193 11 254
194 11 332
195 11 329
197 11 313
198 11 309
199 11 282
200 11 305
201 11 285
202 11 264
203 11 287
204 11 325
205 11 312
206 11 315
207 11 314
208 11 308
209 11 298
210 11 305
211 11 279
212 11 315
213 11 299
214 11 314
215 11 278
216 11 306
217 11 304
218 11 299
219 11 313
220 11 291
221 11 274
222 11 315
223 11 321
224 11 269
225 11 314
226 11 312
227 11 283
228 11 316
230 11 325
231 11 308
232 11 278
233 11 311
234 11 227
235 11 312
236 11 306
237 11 291
239 11 307
240 11 307
242 11 296
243 11 358
244 11 316
245 11 309
246 11 320
247 11 279
248 11 310
249 11 301
250 11 300
252 11 248
253 11 292
254 11 298
255 11 292
256 11 268
258 11 319
259 11 285
260 11 283
261 11 278
263 11 298
264 11 304
265 11 329
266 11 309
267 11 300
268 11 290
269 11 288
270 11 317
271 11 287
272 11 302
273 11 324
275 11 295
276 11 298
277 11 331
278 11 319
279 11 292
280 11 280
281 11 311
282 11 284
284 11 326
285 11 307
286 11 309
287 11 300
288 11 292
289 11 284
290 11 316
292 11 281
293 11 302
294 11 327
295 11 292
296 11 291
297 11 266
298 11 293
299 11 310
300 11 300
301 11 297
303 11 299
304 11 349
305 11 271
308 11 297
309 11 321
310 11 288
311 11 266
312 11 314
313 11 306
314 11 293
315 11 275
316 11 296
317 11 270
318 11 273
319 11 278
320 11 325
321 11 340
322 11 305
324 11 314
325 11 313
326 11 295
327 11 277
328 11 280
329 11 279
330 11 315
332 11 302
333 11 278
334 11 358
335 11 302
336 11 286
337 11 301
338 11 324
339 11 319
341 11 304
342 11 303
343 11 300
344 11 309
345 11 300
346 11 296
347 11 335
348 11 293
349 11 317
350 11 316
351 11 332
352 11 305
353 11 304
354 11 313
355 11 308
356 11 300
357 11 298
358 11 334
359 11 313
360 11 287
361 11 283
362 11 330
363 11 299
364 11 278
366 11 284
367 11 281
368 11 311
369 11 311
370 11 286
371 11 280
372 11 301
373 11 310
374 11 301
375 11 344
376 11 297
377 11 305
378 11 286
379 11 279
380 11 301
381 11 276
382 11 311
383 11 305
384 11 284
385 11 266
386 11 334
387 11 291
389 11 325
390 11 314
391 11 305
392 11 297
393 11 296
394 11 310
395 11 292
396 11 296
397 11 281
398 11 293
399 11 312
401 11 284
402 11 299
404 11 262
405 11 342
406 11 285
408 11 308
409 11 306
410 11 286
411 11 294
412 11 332
413 11 332
414 11 282
415 11 285
416 11 293
417 11 300
418 11 279
419 11 275
420 11 267
421 11 288
422 11 291
424 11 280
425 11 308
426 11 300
427 11 306
428 11 311
429 11 280
430 11 330
431 11 286
432 11 306
433 11 342
434 11 304
435 11 293
437 11 309
438 11 265
439 11 297
440 11 289
441 11 306
442 11 324
443 11 300
444 11 281
445 11 301
446 11 297
447 11 278
448 11 273
449 11 324
450 11 268
451 11 314
452 11 309
453 11 304
454 11 285
455 11 315
456 11 275
457 11 298
458 11 302
459 11 280
460 11 335
461 11 307
462 11 297
463 11 312
464 11 323
465 11 297
466 11 302
467 11 318
468 11 271
469 11 271
470 11 290
471 11 274
472 11 347
473 11 284
474 11 329
475 11 292
476 11 311
478 11 314
479 11 307
480 11 299
481 11 289
482 11 299
483 11 289
484 11 293
485 11 327
486 11 313
488 11 309
489 11 316
490 11 308
493 11 307
494 11 311
495 11 296
496 11 262
498 11 310
499 11 296
0 12 306
1 12 330
3 12 277
4 12 301
5 12 316
7 12 291
8 12 302
9 12 281
10 12 281
11 12 311
12 12 323
13 12 292
14 12 274
15 12 302
16 12 318
17 12 313
18 12 307
19 12 310
20 12 319
21 12 305
22 12 312
23 12 314
24 12 282
25 12 282
26 12 288
27 12 291
29 12 318
30 12 288
31 12 278
32 12 279
33 12 288
34 12 321
35 12 314
36 12 296
37 12 292
38 12 299
39 12 301
40 12 293
41 12 288
42 12 312
44 12 286
45 12 284
46 12 326
47 12 322
48 12 285
49 12 292
50 12 282
51 12 320
52 12 308
53 12 298
54 12 305
55 12 313
57 12 337
59 12 322
60 12 309
61 12 283
62 12 316
63 12 312
64 12 288
65 12 291
66 12 288
67 12 293
68 12 285
69 12 340
70 12 284
71 12 263
72 12 331
73 12 263
74 12 282
75 12 277
76 12 275
77 12 296
78 12 292
79 12 327
80 12 281
82 12 297
83 12 298
84 12 310
85 12 297
86 12 292
87 12 312
88 12 280
90 12 314
91 12 278
92 12 303
93 12 293
94 12 308
95 12 326
96 12 295
97 12 323
98 12 286
100 12 287
101 12 283
102 12 309
103 12 285
104 12 289
105 12 300
106 12 341
107 12 287
108 12 295
109 12 303
110 12 290
111 12 295
112 12 317
113 12 288
114 12 275
115 12 269
116 12 301
117 12 288
118 12 301
119 12 292
120 12 273
121 12 310
122 12 324
123 12 311
124 12 313
125 12 299
126 12 276
128 12 312
130 12 286
131 12 296
132 12 291
133 12 273
134 12 302
135 12 286
136 12 277
137 12 271
138 12 305
139 12 269
140 12 302
141 12 311
142 12 269
143 12 315
144 12 321
145 12 289
146 12 301
147 12 309
148 12 294
150 12 318
151 12 297
152 12 319
153 12 278
155 12 306
157 12 305
158 12 304
159 12 310
160 12 311
161 12 331
162 12 307
163 12 326
164 12 288
166 12 303
167 12 317
168 12 312
169 12 312
170 12 321
171 12 315
172 12 309
174 12 291
175 12 283
176 12 312
177 12 281
178 12 277
179 12 317
180 12 257
181 12 313
182 12 307
183 12 319
184 12 308
185 12 323
186 12 319
187 12 342
188 12 296
189 12 293
190 12 304
191 12 311
192 12 298
193 12 315
194 12 299
195 12 281
196 12 316
197 12 300
198 12 308
199 12 312
200 12 289
201 12 290
202 12 320
203 12 306
204 12 313
205 12 298
206 12 287
207 12 294
208 12 325
209 12 290
210 12 273
211 12 278
212 12 292
213 12 293
214 12 305
215 12 303
218 12 308
219 12 290
220 12 327
221 12 308
222 12 292
223 12 317
224 12 265
225 12 268
226 12 319
227 12 295
228 12 308
229 12 311
230 12 329
231 12 308
232 12 335
233 12 313
234 12 306
235 12 291
236 12 335
238 12 310
239 12 307
240 12 299
241 12 279
242 12 299
243 12 303
244 12 328
245 12 290
246 12 289
247 12 308
248 12 333
249 12 300
250 12 295
251 12 321
252 12 299
253 12 324
254 12 295
255 12 331
256 12 325
257 12 284
258 12 267
260 12 279
261 12 290
262 12 314
263 12 322
264 12 271
265 12 324
266 12 295
267 12 291
268 12 333
269 12 302
270 12 297
271 12 331
272 12 314
273 12 305
274 12 294
275 12 316
276 12 306
277 12 290
278 12 299
279 12 302
280 12 293
281 12 285
282 12 337
283 12 278
285 12 281
286 12 274
287 12 315
288 12 290
289 12 304
292 12 306
293 12 312
294 12 280
295 12 286
296 12 319
297 12 320
298 12 296
299 12 291
300 12 304
301 12 289
302 12 294
304 12 313
305 12 301
306 12 264
307 12 315
308 12 325
309 12 296
310 12 310
311 12 290
312 12 283
313 12 294
314 12 276
315 12 314
316 12 322
317 12 290
318 12 300
319 12 293
320 12 306
321 12 274
322 12 276
323 12 319
324 12 296
325 12 290
326 12 309
328 12 319
329 12 330
330 12 295
331 12 287
333 12 284
334 12 282
335 12 323
336 12 298
337 12 287
338 12 274
339 12 287
340 12 309
341 12 321
342 12 253
343 12 276
344 12 271
345 12 289
346 12 294
347 12 286
348 12 318
349 12 288
350 12 285
351 12 293
352 12 302
353 12 292
354 12 290
355 12 293
356 12 300
357 12 300
358 12 296
360 12 286
361 12 273
362 12 286
363 12 308
364 12 303
365 12 279
366 12 336
367 12 307
368 12 313
369 12 307
370 12 279
371 12 298
372 12 300
373 12 320
374 12 327
375 12 319
376 12 292
377 12 299
378 12 276
379 12 308
381 12 308
382 12 279
383 12 320
384 12 296
386 12 320
388 12 300
389 12 296
390 12 311
391 12 315
392 12 293
393 12 333
394 12 293
395 12 334
396 12 307
397 12 297
398 12 294
399 12 290
400 12 300
401 12 313
402 12 291
403 12 283
404 12 308
405 12 309
407 12 287
408 12 301
409 12 292
410 12 287
411 12 304
412 12 302
413 12 309
414 12 319
415 12 288
416 12 308
417 12 305
419 12 283
420 12 287
421 12 329
423 12 290
425 12 307
426 12 286
427 12 289
428 12 285
429 12 287
430 12 307
431 12 278
432 12 315
433 12 275
434 12 310
435 12 331
436 12 297
437 12 288
438 12 329
440 12 299
442 12 319
443 12 289
444 12 273
445 12 296
446 12 293
447 12 290
448 12 288
449 12 277
450 12 317
451 12 309
452 12 331
453 12 317
455 12 246
457 12 295
458 12 317
459 12 278
460 12 304
461 12 319
462 12 316
463 12 316
465 12 297
466 12 275
467 12 276
468 12 319
469 12 288
470 12 308
471 12 317
472 12 303
473 12 298
474 12 313
475 12 300
476 12 302
477 12 305
479 12 339
480 12 288
481 12 308
482 12 307
483 12 323
484 12 295
485 12 311
486 12 295
487 12 315
488 12 290
489 12 295
490 12 303
491 12 318
493 12 291
494 12 303
495 12 297
496 12 332
497 12 316
499 12 317
0 13 293
1 13 313
2 13 294
3 13 283
4 13 314
5 13 281
6 13 255
7 13 305
8 13 292
9 13 292
10 13 297
11 13 312
12 13 272
13 13 299
14 13 281
15 13 324
16 13 311
17 13 295
18 13 316
19 13 288
20 13 314
21 13 299
22 13 292
23 13 311
24 13 279
25 13 314
26 13 308
27 13 303
28 13 298
29 13 300
30 13 279
31 13 294
32 13 315
33 13 272
34 13 258
35 13 335
36 13 275
37 13 315
38 13 339
39 13 296
40 13 295
41 13 306
42 13 311
43 13 297
44 13 324
45 13 301
46 13 293
47 13 288
48 13 301
50 13 336
51 13 288
52 13 308
53 13 305
54 13 292
55 13 315
56 13 264
57 13 332
58 13 287
59 13 300
60 13 302
61 13 328
62 13 260
63 13 296
64 13 278
65 13 288
66 13 314
67 13 319
68 13 310
69 13 274
70 13 283
71 13 290
72 13 299
73 13 284
74 13 271
75 13 281
76 13 316
77 13 349
78 13 293
79 13 327
80 13 290
81 13 283
83 13 349
84 13 296
85 13 312
86 13 278
88 13 315
89 13 302
90 13 308
91 13 330
92 13 320
93 13 278
94 13 290
95 13 299
97 13 298
98 13 299
99 13 270
100 13 318
101 13 295
102 13 293
103 13 316
104 13 281
105 13 288
106 13 262
107 13 291
109 13 338
110 13 298
112 13 291
116 13 294
117 13 316
118 13 279
119 13 306
120 13 314
121 13 289
122 13 330
123 13 310
124 13 302
125 13 294
126 13 293
127 13 289
128 13 281
129 13 293
130 13 310
131 13 295
132 13 307
133 13 324
135 13 285
136 13 296
137 13 312
138 13 297
139 13 285
140 13 288
141 13 309
142 13 316
143 13 307
144 13 288
145 13 307
146 13 331
147 13 315
148 13 318
149 13 311
150 13 292
151 13 314
152 13 291
153 13 292
154 13 313
155 13 314
156 13 303
158 13 301
159 13 304
160 13 322
161 13 314
162 13 315
163 13 291
164 13 297
165 13 298
167 13 280
168 13 295
169 13 298
170 13 272
172 13 321
174 13 285
175 13 317
176 13 284
177 13 288
178 13 328
180 13 305
181 13 277
182 13 283
183 13 299
184 13 286
185 13 280
186 13 308
187 13 292
188 13 305
189 13 303
190 13 273
191 13 295
192 13 301
194 13 284
195 13 270
196 13 288
197 13 279
198 13 285
199 13 312
200 13 309
201 13 310
202 13 300
203 13 271
205 13 291
207 13 311
208 13 313
209 13 307
211 13 294
212 13 313
213 13 277
214 13 288
215 13 290
216 13 274
217 13 302
218 13 296
219 13 292
220 13 301
221 13 310
222 13 304
223 13 298
224 13 299
225 13 272
226 13 311
227 13 327
228 13 301
229 13 301
230 13 296
231 13 302
232 13 305
233 13 303
234 13 298
235 13 306
236 13 292
238 13 297
239 13 346
240 13 325
241 13 316
242 13 292
244 13 318
245 13 303
246 13 298
247 13 305
248 13 272
250 13 309
251 13 263
252 13 309
253 13 314
254 13 303
255 13 340
256 13 299
257 13 290
258 13 323
259 13 315
260 13 286
261 13 305
263 13 311
264 13 310
265 13 295
266 13 304
267 13 343
268 13 325
269 13 300
273 13 287
274 13 309
275 13 317
276 13 307
277 13 305
278 13 284
279 13 293
280 13 322
281 13 288
282 13 303
283 13 309
284 13 321
285 13 330
286 13 337
287 13 312
288 13 290
290 13 339
291 13 293
292 13 304
293 13 277
294 13 331
295 13 320
296 13 260
297 13 291
298 13 268
299 13 321
300 13 325
301 13 279
302 13 304
304 13 335
305 13 283
306 13 313
307 13 311
308 13 291
309 13 299
310 13 290
311 13 262
312 13 314
313 13 311
314 13 284
315 13 301
316 13 308
317 13 327
318 13 298
319 13 313
320 13 298
322 13 298
323 13 278
325 13 316
326 13 287
327 13 304
328 13 293
329 13 295
330 13 314
331 13 288
332 13 303
334 13 341
335 13 303
336 13 303
337 13 315
338 13 307
339 13 286
340 13 303
341 13 313
342 13 323
343 13 300
344 13 302
345 13 307
346 13 309
348 13 288
349 13 280
350 13 307
351 13 283
352 13 309
354 13 299
355 13 279
357 13 303
358 13 289
359 13 304
360 13 296
361 13 313
362 13 286
363 13 287
364 13 299
365 13 344
366 13 278
367 13 301
368 13 269
369 13 267
370 13 298
371 13 335
372 13 296
373 13 290
374 13 279
375 13 308
376 13 293
377 13 303
378 13 301
379 13 267
380 13 331
382 13 291
384 13 328
385 13 297
386 13 305
388 13 321
389 13 279
390 13 278
391 13 312
392 13 333
393 13 296
394 13 286
395 13 316
397 13 309
398 13 319
399 13 330
400 13 278
401 13 300
403 13 307
404 13 268
405 13 310
406 13 297
407 13 303
408 13 302
409 13 313
410 13 301
411 13 300
412 13 294
414 13 271
415 13 290
416 13 291
417 13 312
418 13 306
420 13 319
421 13 298
422 13 294
424 13 271
425 13 293
427 13 323
428 13 291
429 13 294
430 13 284
431 13 320
432 13 276
433 13 277
434 13 316
435 13 290
436 13 298
438 13 305
439 13 310
440 13 282
441 13 310
442 13 323
443 13 290
444 13 279
445 13 285
446 13 291
447 13 283
448 13 299
449 13 290
450 13 307
451 13 273
452 13 308
453 13 299
454 13 296
455 13 297
456 13 274
457 13 289
458 13 326
460 13 272
461 13 296
462 13 317
463 13 307
464 13 310
465 13 286
466 13 287
467 13 287
468 13 309
469 13 269
471 13 298
472 13 285
477 13 298
479 13 311
480 13 285
481 13 310
482 13 332
483 13 305
484 13 299
485 13 281
486 13 305
487 13 271
488 13 282
490 13 303
491 13 313
492 13 280
493 13 303
494 13 314
495 13 282
496 13 298
497 13 312
498 13 292
499 13 307
0 14 289
1 14 301
2 14 307
3 14 296
4 14 295
5 14 271
6 14 291
7 14 293
8 14 300
9 14 300
10 14 278
11 14 306
12 14 310
13 14 333
14 14 303
15 14 307
17 14 312
18 14 307
19 14 308
20 14 292
23 14 305
24 14 296
25 14 326
26 14 298
28 14 305
29 14 322
30 14 299
31 14 344
32 14 291
33 14 316
34 14 296
35 14 306
36 14 294
37 14 314
38 14 305
39 14 308
40 14 281
41 14 295
42 14 284
43 14 299
45 14 323
46 14 313
48 14 312
49 14 280
50 14 301
52 14 297
53 14 341
54 14 298
55 14 283
56 14 325
57 14 330
58 14 293
59 14 276
60 14 298
61 14 300
62 14 317
63 14 276
64 14 297
65 14 320
66 14 295
67 14 282
68 14 289
69 14 298
71 14 325
72 14 273
73 14 291
74 14 284
75 14 318
76 14 305
77 14 288
79 14 305
80 14 320
81 14 280
82 14 300
83 14 303
84 14 303
86 14 265
87 14 297
88 14 300
89 14 285
92 14 293
94 14 307
95 14 293
96 14 311
97 14 274
98 14 290
100 14 308
101 14 300
102 14 316
103 14 283
104 14 304
105 14 272
107 14 288
108 14 336
109 14 302
110 14 302
111 14 305
112 14 309
113 14 326
114 14 337
115 14 296
116 14 315
117 14 281
118 14 304
119 14 277
120 14 308
121 14 305
122 14 345
124 14 298
125 14 312
126 14 339
127 14 267
129 14 294
131 14 293
132 14 272
133 14 298
134 14 288
136 14 278
137 14 288
140 14 297
141 14 275
143 14 303
144 14 290
145 14 288
146 14 297
147 14 307
148 14 330
149 14 294
151 14 311
152 14 306
153 14 307
154 14 319
155 14 275
156 14 277
157 14 346
158 14 301
159 14 305
161 14 287
162 14 266
163 14 277
165 14 290
166 14 300
167 14 287
168 14 309
169 14 309
170 14 289
171 14 304
172 14 299
173 14 310
174 14 328
175 14 306
176 14 290
177 14 312
178 14 292
179 14 278
180 14 332
181 14 283
182 14 282
183 14 287
184 14 281
185 14 306
186 14 273
187 14 290
188 14 319
189 14 313
190 14 292
191 14 290
192 14 294
193 14 316
194 14 304
195 14 300
196 14 318
197 14 300
198 14 308
199 14 319
200 14 271
201 14 302
202 14 276
203 14 312
204 14 302
205 14 321
206 14 279
208 14 296
209 14 279
210 14 302
211 14 305
212 14 308
213 14 305
216 14 344
217 14 273
219 14 268
220 14 320
221 14 308
222 14 296
223 14 313
224 14 276
225 14 294
226 14 306
227 14 289
228 14 295
229 14 324
230 14 312
231 14 288
232 14 287
233 14 288
235 14 309
236 14 304
237 14 290
238 14 302
239 14 312
241 14 293
242 14 312
243 14 265
245 14 319
247 14 315
248 14 316
249 14 293
250 14 296
251 14 307
252 14 287
253 14 307
254 14 323
255 14 308
257 14 302
258 14 317
259 14 297
260 14 328
261 14 310
262 14 318
263 14 285
264 14 326
265 14 325
266 14 298
267 14 264
268 14 323
269 14 308
270 14 271
271 14 306
272 14 308
274 14 293
275 14 303
276 14 303
277 14 282
278 14 277
280 14 277
281 14 285
282 14 314
283 14 312
284 14 321
285 14 305
287 14 310
288 14 284
289 14 293
290 14 286
291 14 298
292 14 286
293 14 312
294 14 328
295 14 303
296 14 275
297 14 288
298 14 283
299 14 308
300 14 312
301 14 317
302 14 276
303 14 269
304 14 279
305 14 306
306 14 286
307 14 295
308 14 286
309 14 293
310 14 312
311 14 306
312 14 278
313 14 279
314 14 319
315 14 313
317 14 272
318 14 286
320 14 285
321 14 275
322 14 281
323 14 317
324 14 318
325 14 312
326 14 303
327 14 325
328 14 277
329 14 313
330 14 274
331 14 315
332 14 302
333 14 320
335 14 308
336 14 277
337 14 276
339 14 313
340 14 301
341 14 298
342 14 288
343 14 300
344 14 286
345 14 311
346 14 280
347 14 294
348 14 255
349 14 296
350 14 293
351 14 300
352 14 280
353 14 300
354 14 344
355 14 282
356 14 279
357 14 304
359 14 299
360 14 318
361 14 294
362 14 288
363 14 278
365 14 278
366 14 305
367 14 286
368 14 307
369 14 276
370 14 301
373 14 305
374 14 294
375 14 339
376 14 278
377 14 288
378 14 315
379 14 287
380 14 300
381 14 301
382 14 292
383 14 297
384 14 272
385 14 316
386 14 298
388 14 311
389 14 342
390 14 304
391 14 300
392 14 303
393 14 327
394 14 279
395 14 312
396 14 275
397 14 289
398 14 291
399 14 303
400 14 294
401 14 278
402 14 273
403 14 291
404 14 309
406 14 286
407 14 282
408 14 304
409 14 293
410 14 313
411 14 284
412 14 304
413 14 296
414 14 308
415 14 287
416 14 316
417 14 296
418 14 287
419 14 321
421 14 279
423 14 281
424 14 293
425 14 323
426 14 329
427 14 290
428 14 296
429 14 271
430 14 286
431 14 281
432 14 307
433 14 310
434 14 336
435 14 320
436 14 305
437 14 317
438 14 307
439 14 285
441 14 289
442 14 337
443 14 297
444 14 306
445 14 294
446 14 281
447 14 302
448 14 284
449 14 307
450 14 294
451 14 291
452 14 293
454 14 322
455 14 317
456 14 306
457 14 343
458 14 305
459 14 334
460 14 324
461 14 311
462 14 300
463 14 276
464 14 288
465 14 308
466 14 308
467 14 306
468 14 328
469 14 294
470 14 288
471 14 270
472 14 310
473 14 283
474 14 311
476 14 287
477 14 306
478 14 320
480 14 313
481 14 284
482 14 302
483 14 337
484 14 289
485 14 322
486 14 283
487 14 295
488 14 293
489 14 264
490 14 320
491 14 315
492 14 317
493 14 291
494 14 295
495 14 291
496 14 302
497 14 294
498 14 284
499 14 303
1 15 304
2 15 290
3 15 300
4 15 279
5 15 284
6 15 325
7 15 310
8 15 310
9 15 291
10 15 290
11 15 336
12 15 308
13 15 294
15 15 292
16 15 302
17 15 309
18 15 282
19 15 311
20 15 310
21 15 332
22 15 312
23 15 297
24 15 288
26 15 310
27 15 306
29 15 309
30 15 304
31 15 309
32 15 304
33 15 319
34 15 247
35 15 289
36 15 323
37 15 355
38 15 286
39 15 321
40 15 306
41 15 307
42 15 304
43 15 301
44 15 300
46 15 282
47 15 320
48 15 319
49 15 283
51 15 300
52 15 284
53 15 302
54 15 341
55 15 286
56 15 308
57 15 291
58 15 295
59 15 314
61 15 281
62 15 299
64 15 288
65 15 282
66 15 325
67 15 286
68 15 330
69 15 324
70 15 283
71 15 256
72 15 332
74 15 319
75 15 304
76 15 306
77 15 296
78 15 297
79 15 310
80 15 320
81 15 279
84 15 330
85 15 316
86 15 300
87 15 309
88 15 304
91 15 298
92 15 315
93 15 286
95 15 297
97 15 302
98 15 294
100 15 331
101 15 311
102 15 313
103 15 287
105 15 299
106 15 307
107 15 330
108 15 308
109 15 327
110 15 300
111 15 301
112 15 300
113 15 273
114 15 289
115 15 307
116 15 289
118 15 323
121 15 295
122 15 308
123 15 289
124 15 300
125 15 313
126 15 305
127 15 318
129 15 296
130 15 307
131 15 294
132 15 301
133 15 267
134 15 304
135 15 295
136 15 308
137 15 308
138 15 320
139 15 274
141 15 298
142 15 275
143 15 288
144 15 354
145 15 338
146 15 315
147 15 302
148 15 301
149 15 283
150 15 290
151 15 312
152 15 299
153 15 286
154 15 323
155 15 295
156 15 288
157 15 318
158 15 335
159 15 286
160 15 307
161 15 292
162 15 292
164 15 320
165 15 310
166 15 328
167 15 321
168 15 296
169 15 282
170 15 328
171 15 275
172 15 295
173 15 308
174 15 321
175 15 301
176 15 299
177 15 272
179 15 307
180 15 297
181 15 324
182 15 296
183 15 326
185 15 304
187 15 323
188 15 272
189 15 306
190 15 296
191 15 337
192 15 282
193 15 314
194 15 284
195 15 262
196 15 300
197 15 312
198 15 303
199 15 303
200 15 315
201 15 341
202 15 318
203 15 300
204 15 304
205 15 316
206 15 305
207 15 290
208 15 317
209 15 309
210 15 322
211 15 326
212 15 307
214 15 282
215 15 309
216 15 288
217 15 298
218 15 302
219 15 269
220 15 289
221 15 324
222 15 316
224 15 336
226 15 326
228 15 310
229 15 280
230 15 300
231 15 299
232 15 331
233 15 331
234 15 305
235 15 324
236 15 282
237 15 301
238 15 332
239 15 293
240 15 293
241 15 329
242 15 296
243 15 314
244 15 300
245 15 313
246 15 321
247 15 291
249 15 309
250 15 282
251 15 328
252 15 308
254 15 299
255 15 263
256 15 300
257 15 314
258 15 279
259 15 299
260 15 290
262 15 289
263 15 333
264 15 266
265 15 305
267 15 316
269 15 315
270 15 310
271 15 303
272 15 270
273 15 294
274 15 305
275 15 292
276 15 286
277 15 288
279 15 303
280 15 280
282 15 325
283 15 299
284 15 294
285 15 283
286 15 296
287 15 303
288 15 324
289 15 292
290 15 324
291 15 307
292 15 302
293 15 306
294 15 299
295 15 307
296 15 286
297 15 294
298 15 280
299 15 313
300 15 297
301 15 312
302 15 299
303 15 298
304 15 292
305 15 308
306 15 333
307 15 265
308 15 291
309 15 286
310 15 318
311 15 286
312 15 289
313 15 276
314 15 289
316 15 310
318 15 324
320 15 326
321 15 314
322 15 295
323 15 285
325 15 313
326 15 286
327 15 329
328 15 314
329 15 291
331 15 274
332 15 322
334 15 325
335 15 280
337 15 332
338 15 329
339 15 277
340 15 288
342 15 317
343 15 303
344 15 271
345 15 299
346 15 313
347 15 294
348 15 301
349 15 290
351 15 311
352 15 253
353 15 306
354 15 328
355 15 296
357 15 344
358 15 283
359 15 303
360 15 283
361 15 307
362 15 302
363 15 287
364 15 293
365 15 349
366 15 300
367 15 305
368 15 304
370 15 267
373 15 281
374 15 304
375 15 310
376 15 310
377 15 324
379 15 305
380 15 320
382 15 312
383 15 271
384 15 281
385 15 277
387 15 280
388 15 286
389 15 280
391 15 291
392 15 296
393 15 302
394 15 292
395 15 299
396 15 307
397 15 310
398 15 276
399 15 315
400 15 305
403 15 313
404 15 301
405 15 297
406 15 298
407 15 285
408 15 280
409 15 291
411 15 282
412 15 325
413 15 319
414 15 280
415 15 287
416 15 323
417 15 285
418 15 327
419 15 306
420 15 331
421 15 300
423 15 291
424 15 298
425 15 286
426 15 294
427 15 310
429 15 281
430 15 275
431 15 302
432 15 286
433 15 294
434 15 300
435 15 296
436 15 294
437 15 303
438 15 277
439 15 287
440 15 282
441 15 314
442 15 330
444 15 279
446 15 263
447 15 286
448 15 295
449 15 299
450 15 289
451 15 321
452 15 279
454 15 288
455 15 321
456 15 276
457 15 294
458 15 279
459 15 293
460 15 278
461 15 301
462 15 302
463 15 316
464 15 297
465 15 312
466 15 306
467 15 314
468 15 328
469 15 271
471 15 299
473 15 317
474 15 295
475 15 278
476 15 312
477 15 315
478 15 326
479 15 330
482 15 293
483 15 280
484 15 297
485 15 315
486 15 322
487 15 310
488 15 312
489 15 301
490 15 314
491 15 286
492 15 291
493 15 304
494 15 318
496 15 316
497 15 292
498 15 319
499 15 283
0 16 319
1 16 314
2 16 305
3 16 312
4 16 286
5 16 311
6 16 309
7 16 295
8 16 325
9 16 320
10 16 278
12 16 279
14 16 313
15 16 292
16 16 300
17 16 307
18 16 309
20 16 315
21 16 302
22 16 301
23 16 316
24 16 335
25 16 281
26 16 327
27 16 285
28 16 304
29 16 310
30 16 295
31 16 293
32 16 278
33 16 312
34 16 300
35 16 284
36 16 311
37 16 311
38 16 295
39 16 299
40 16 257
41 16 310
42 16 311
43 16 298
44 16 283
45 16 330
46 16 271
47 16 287
48 16 306
49 16 288
50 16 327
51 16 354
52 16 316
53 16 321
54 16 302
55 16 291
56 16 308
57 16 270
58 16 300
59 16 297
60 16 297
61 16 334
62 16 327
64 16 328
65 16 275
66 16 300
67 16 309
68 16 325
69 16 311
70 16 283
71 16 325
72 16 303
73 16 299
74 16 278
75 16 319
76 16 298
77 16 297
78 16 295
79 16 332
80 16 306
81 16 315
82 16 307
83 16 308
84 16 303
86 16 326
87 16 299
88 16 312
89 16 288
90 16 296
91 16 290
92 16 294
93 16 266
94 16 315
96 16 302
97 16 271
98 16 296
99 16 306
100 16 285
101 16 286
102 16 313
103 16 295
104 16 270
105 16 317
106 16 298
107 16 282
108 16 295
109 16 320
110 16 293
111 16 306
112 16 294
113 16 332
114 16 321
115 16 324
116 16 327
117 16 299
118 16 318
119 16 300
120 16 304
121 16 326
122 16 299
124 16 313
125 16 276
127 16 290
128 16 288
129 16 301
131 16 293
132 16 310
133 16 299
134 16 312
135 16 325
136 16 274
137 16 314
138 16 278
140 16 330
141 16 279
142 16 325
143 16 326
144 16 299
145 16 294
146 16 303
147 16 286
149 16 281
150 16 322
151 16 317
152 16 292
153 16 278
154 16 294
155 16 295
156 16 315
157 16 304
158 16 273
160 16 291
161 16 268
162 16 304
164 16 288
165 16 285
166 16 291
167 16 305
168 16 289
170 16 318
171 16 301
172 16 303
173 16 321
174 16 281
175 16 292
176 16 306
177 16 299
178 16 320
180 16 299
181 16 296
182 16 300
184 16 318
185 16 297
186 16 300
189 16 297
190 16 299
191 16 295
192 16 297
193 16 316
196 16 299
197 16 310
198 16 274
199 16 308
200 16 296
201 16 291
202 16 294
203 16 338
204 16 303
205 16 334
206 16 278
208 16 281
210 16 320
211 16 321
212 16 297
214 16 270
215 16 291
216 16 303
217 16 282
218 16 335
219 16 272
220 16 318
221 16 310
222 16 322
223 16 320
224 16 303
225 16 315
226 16 307
227 16 285
228 16 313
229 16 293
230 16 277
231 16 356
232 16 305
233 16 294
234 16 303
235 16 293
237 16 299
238 16 304
239 16 272
240 16 276
242 16 292
243 16 306
244 16 304
245 16 313
246 16 305
247 16 305
248 16 295
249 16 311
250 16 314
251 16 295
252 16 289
253 16 278
254 16 316
255 16 296
256 16 310
257 16 293
259 16 299
260 16 297
261 16 314
262 16 301
263 16 264
264 16 295
265 16 310
266 16 303
267 16 316
269 16 316
271 16 311
272 16 326
273 16 311
274 16 304
275 16 278
276 16 307
277 16 300
278 16 300
279 16 297
280 16 312
281 16 293
282 16 312
284 16 311
285 16 296
286 16 298
287 16 322
288 16 282
289 16 327
290 16 302
291 16 319
292 16 300
293 16 281
294 16 276
295 16 286
296 16 309
297 16 307
298 16 303
299 16 284
300 16 306
301 16 322
302 16 299
303 16 288
304 16 280
305 16 333
306 16 296
307 16 289
309 16 320
312 16 313
313 16 298
314 16 264
315 16 311
316 16 270
318 16 300
319 16 289
320 16 301
322 16 314
323 16 279
325 16 295
326 16 313
327 16 274
328 16 332
329 16 289
330 16 282
332 16 303
333 16 268
334 16 277
335 16 293
336 16 290
337 16 326
338 16 322
339 16 315
340 16 302
341 16 297
342 16 305
343 16 292
344 16 303
345 16 318
346 16 315
347 16 270
348 16 324
349 16 268
350 16 311
351 16 306
352 16 303
353 16 297
354 16 294
355 16 289
356 16 285
358 16 269
359 16 285
360 16 303
361 16 288
362 16 278
363 16 313
364 16 300
366 16 320
367 16 282
368 16 319
369 16 302
370 16 318
371 16 298
372 16 287
373 16 303
374 16 325
375 16 320
376 16 287
377 16 264
379 16 302
380 16 311
381 16 287
382 16 295
383 16 286
384 16 281
386 16 278
387 16 286
388 16 321
390 16 322
391 16 259
392 16 293
393 16 310
394 16 298
395 16 285
396 16 303
397 16 305
398 16 292
399 16 289
400 16 341
402 16 264
403 16 312
404 16 295
405 16 288
406 16 282
407 16 292
408 16 335
409 16 274
410 16 285
411 16 285
412 16 268
413 16 289
414 16 293
415 16 299
416 16 275
417 16 287
418 16 322
419 16 307
420 16 310
421 16 318
423 16 317
424 16 298
427 16 322
429 16 279
430 16 318
431 16 285
432 16 293
433 16 330
434 16 330
435 16 275
436 16 314
437 16 280
438 16 294
439 16 305
440 16 323
441 16 286
442 16 308
443 16 299
444 16 296
445 16 305
446 16 303
447 16 309
449 16 317
450 16 315
451 16 277
453 16 290
454 16 309
455 16 315
456 16 270
457 16 307
458 16 336
460 16 301
461 16 269
462 16 316
463 16 287
464 16 299
465 16 292
466 16 299
467 16 273
468 16 271
469 16 286
470 16 311
471 16 302
472 16 312
473 16 320
474 16 299
475 16 315
476 16 295
477 16 284
478 16 304
479 16 285
480 16 289
481 16 281
482 16 286
483 16 312
484 16 285
485 16 312
486 16 315
487 16 288
488 16 297
489 16 304
490 16 300
491 16 284
492 16 307
494 16 276
495 16 311
496 16 300
497 16 330
498 16 284
499 16 318
1 17 301
2 17 307
3 17 298
4 17 296
5 17 302
7 17 312
8 17 282
9 17 317
10 17 298
11 17 307
12 17 298
13 17 274
14 17 333
15 17 325
16 17 308
17 17 307
18 17 301
19 17 310
21 17 303
22 17 297
23 17 284
24 17 295
25 17 301
26 17 305
27 17 304
28 17 296
29 17 293
30 17 318
31 17 308
32 17 287
33 17 312
35 17 287
36 17 289
37 17 294
38 17 296
39 17 291
40 17 294
42 17 307
43 17 265
44 17 328
45 17 328
46 17 296
47 17 292
48 17 301
50 17 315
51 17 294
52 17 284
53 17 284
54 17 325
55 17 287
56 17 281
57 17 308
58 17 305
59 17 274
60 17 324
61 17 263
62 17 294
63 17 312
64 17 299
65 17 321
66 17 293
67 17 276
68 17 294
69 17 335
70 17 307
72 17 312
73 17 324
74 17 295
75 17 296
76 17 295
77 17 313
78 17 275
79 17 297
80 17 289
82 17 277
83 17 279
85 17 276
86 17 277
87 17 317
88 17 306
89 17 318
90 17 298
91 17 307
92 17 309
93 17 295
94 17 303
95 17 266
96 17 281
98 17 321
100 17 298
101 17 285
102 17 270
103 17 278
104 17 304
105 17 287
107 17 313
108 17 319
109 17 312
110 17 311
111 17 263
112 17 291
113 17 314
114 17 319
115 17 303
116 17 303
117 17 331
118 17 318
119 17 307
120 17 328
121 17 341
122 17 317
123 17 285
124 17 315
125 17 282
126 17 304
127 17 264
128 17 310
129 17 319
130 17 272
131 17 314
132 17 294
133 17 293
134 17 295
135 17 325
136 17 296
137 17 321
139 17 317
141 17 309
143 17 293
144 17 305
145 17 309
146 17 297
147 17 291
148 17 300
149 17 314
150 17 321
151 17 313
152 17 298
153 17 286
154 17 301
155 17 306
156 17 291
157 17 299
158 17 287
159 17 333
160 17 313
161 17 324
162 17 285
163 17 277
164 17 298
165 17 306
166 17 281
167 17 345
168 17 300
169 17 311
170 17 345
171 17 305
172 17 287
173 17 289
175 17 302
176 17 293
177 17 294
178 17 276
179 17 301
180 17 300
181 17 303
182 17 284
184 17 295
185 17 299
186 17 292
188 17 319
189 17 342
190 17 301
191 17 299
192 17 299
193 17 305
194 17 300
195 17 309
196 17 264
198 17 290
199 17 298
200 17 318
201 17 322
202 17 301
203 17 281
205 17 295
207 17 283
208 17 297
209 17 358
210 17 339
211 17 341
212 17 269
213 17 324
214 17 308
215 17 299
216 17 301
217 17 304
219 17 274
220 17 276
222 17 306
223 17 294
225 17 292
226 17 326
227 17 306
228 17 307
229 17 293
230 17 297
231 17 294
232 17 318
233 17 274
234 17 294
235 17 328
236 17 299
237 17 319
239 17 336
240 17 300
242 17 308
243 17 336
244 17 312
245 17 306
246 17 297
247 17 310
248 17 305
249 17 303
250 17 263
251 17 282
252 17 282
253 17 323
254 17 301
255 17 319
256 17 311
258 17 315
259 17 295
260 17 292
261 17 300
262 17 311
263 17 332
265 17 278
266 17 318
267 17 305
268 17 302
269 17 301
270 17 286
271 17 291
272 17 301
273 17 317
274 17 286
275 17 296
276 17 289
277 17 326
278 17 322
279 17 280
280 17 286
281 17 280
283 17 287
284 17 269
285 17 297
286 17 294
287 17 310
288 17 295
289 17 324
290 17 323
291 17 309
292 17 274
293 17 301
294 17 270
295 17 323
297 17 272
298 17 319
299 17 264
300 17 296
301 17 274
302 17 291
303 17 318
305 17 317
306 17 312
307 17 294
308 17 274
309 17 315
311 17 301
313 17 325
314 17 279
315 17 280
316 17 322
317 17 300
318 17 301
319 17 309
320 17 302
321 17 300
322 17 318
324 17 281
325 17 310
326 17 271
327 17 289
329 17 323
330 17 306
331 17 299
332 17 302
333 17 299
334 17 319
335 17 289
336 17 298
337 17 270
338 17 254
339 17 304
340 17 303
341 17 303
342 17 302
344 17 299
345 17 299
346 17 312
347 17 296
348 17 281
349 17 319
350 17 325
351 17 288
352 17 271
353 17 291
354 17 279
355 17 312
356 17 278
357 17 328
358 17 299
359 17 297
360 17 321
361 17 301
362 17 302
363 17 302
364 17 258
365 17 310
366 17 287
367 17 306
368 17 302
369 17 306
370 17 300
371 17 303
372 17 290
373 17 266
374 17 292
375 17 274
376 17 306
377 17 296
378 17 297
379 17 358
380 17 295
381 17 290
382 17 290
383 17 294
384 17 332
385 17 322
386 17 296
387 17 313
388 17 310
389 17 272
390 17 296
391 17 302
392 17 307
393 17 295
394 17 284
395 17 308
396 17 335
397 17 311
398 17 289
399 17 310
400 17 299
401 17 302
402 17 296
403 17 285
405 17 317
406 17 273
407 17 314
408 17 272
409 17 268
411 17 333
412 17 323
413 17 280
414 17 329
415 17 301
417 17 284
418 17 316
419 17 294
420 17 287
421 17 308
422 17 329
423 17 292
424 17 302
425 17 319
426 17 282
427 17 286
428 17 274
429 17 309
430 17 273
431 17 325
432 17 275
433 17 317
434 17 284
436 17 296
437 17 285
438 17 331
439 17 298
440 17 306
441 17 308
442 17 293
444 17 298
445 17 296
446 17 331
447 17 305
448 17 328
450 17 326
451 17 338
452 17 311
453 17 304
454 17 283
456 17 330
457 17 311
458 17 307
459 17 304
460 17 296
461 17 303
462 17 281
463 17 283
464 17 319
465 17 307
466 17 305
467 17 318
468 17 303
469 17 309
470 17 283
471 17 333
473 17 299
474 17 284
475 17 314
476 17 290
477 17 295
478 17 310
479 17 270
480 17 306
481 17 312
482 17 300
483 17 306
484 17 271
485 17 313
486 17 306
487 17 276
488 17 320
489 17 292
490 17 303
491 17 289
492 17 278
493 17 306
494 17 286
496 17 315
497 17 315
498 17 323
499 17 323
0 18 325
1 18 285
2 18 304
3 18 300
4 18 302
5 18 296
6 18 272
7 18 308
8 18 314
9 18 287
10 18 317
11 18 292
12 18 292
13 18 298
14 18 276
15 18 289
16 18 312
17 18 291
18 18 286
19 18 324
20 18 277
21 18 307
22 18 301
24 18 300
25 18 305
26 18 298
27 18 290
28 18 279
29 18 326
30 18 286
31 18 306
32 18 297
33 18 310
35 18 299
36 18 331
37 18 290
38 18 285
39 18 284
40 18 313
41 18 320
42 18 299
43 18 300
44 18 330
45 18 299
46 18 309
47 18 296
48 18 344
49 18 326
50 18 288
51 18 312
52 18 325
53 18 300
54 18 292
55 18 293
56 18 293
57 18 308
58 18 299
59 18 283
60 18 289
61 18 284
62 18 291
64 18 328
65 18 296
66 18 312
67 18 305
68 18 292
69 18 269
70 18 281
71 18 316
72 18 299
73 18 321
74 18 295
76 18 307
77 18 341
78 18 275
79 18 303
80 18 301
82 18 330
83 18 281
84 18 310
85 18 307
86 18 297
87 18 320
88 18 306
89 18 287
91 18 261
92 18 329
93 18 270
94 18 291
95 18 316
96 18 316
97 18 292
98 18 304
99 18 279
100 18 317
101 18 316
102 18 287
104 18 287
106 18 326
108 18 308
110 18 315
111 18 275
112 18 303
113 18 294
114 18 288
115 18 332
116 18 299
118 18 307
119 18 285
120 18 292
121 18 299
122 18 319
123 18 302
124 18 296
125 18 331
126 18 326
127 18 301
128 18 266
130 18 277
131 18 323
132 18 303
133 18 286
134 18 297
135 18 294
136 18 297
137 18 289
139 18 282
140 18 323
141 18 312
142 18 307
144 18 280
145 18 310
146 18 305
147 18 288
148 18 261
149 18 281
150 18 303
151 18 320
152 18 295
153 18 303
154 18 309
155 18 322
156 18 316
157 18 273
158 18 287
159 18 301
162 18 333
163 18 310
164 18 289
165 18 275
166 18 302
167 18 305
168 18 321
169 18 324
170 18 269
172 18 303
173 18 309
174 18 311
175 18 312
176 18 285
177 18 283
179 18 297
180 18 303
181 18 308
182 18 285
183 18 292
184 18 298
185 18 292
187 18 276
188 18 277
189 18 304
191 18 290
192 18 320
193 18 276
194 18 322
195 18 290
196 18 325
198 18 288
201 18 292
202 18 337
203 18 298
204 18 310
205 18 289
206 18 320
207 18 294
208 18 315
209 18 309
210 18 282
211 18 281
212 18 297
213 18 333
214 18 298
215 18 294
216 18 295
217 18 309
218 18 281
219 18 303
222 18 316
223 18 292
225 18 313
226 18 306
227 18 310
228 18 292
229 18 308
230 18 299
231 18 298
232 18 338
233 18 302
234 18 302
235 18 314
236 18 295
237 18 289
238 18 313
239 18 324
240 18 285
241 18 307
242 18 337
243 18 292
245 18 313
246 18 275
247 18 274
248 18 276
249 18 300
250 18 281
252 18 328
253 18 291
254 18 334
255 18 293
256 18 266
257 18 316
258 18 311
259 18 300
260 18 291
262 18 303
263 18 316
264 18 310
265 18 319
266 18 305
267 18 273
268 18 280
269 18 313
272 18 300
275 18 318
276 18 309
277 18 308
278 18 270
280 18 326
281 18 295
282 18 322
283 18 299
284 18 306
285 18 312
286 18 308
287 18 309
288 18 281
290 18 272
292 18 309
293 18 334
294 18 305
295 18 310
296 18 285
297 18 276
298 18 287
299 18 294
300 18 303
301 18 266
303 18 295
304 18 300
305 18 308
306 18 300
307 18 309
308 18 320
309 18 291
310 18 299
311 18 268
312 18 300
313 18 286
314 18 316
315 18 303
316 18 312
317 18 307
318 18 305
319 18 314
320 18 324
321 18 288
322 18 313
323 18 302
324 18 268
325 18 271
326 18 247
327 18 270
328 18 288
330 18 312
331 18 311
332 18 322
333 18 283
334 18 277
335 18 305
336 18 316
337 18 322
338 18 318
339 18 310
340 18 279
341 18 337
342 18 292
343 18 292
344 18 321
345 18 298
346 18 309
347 18 292
348 18 329
349 18 334
350 18 311
351 18 295
352 18 303
353 18 297
354 18 299
355 18 290
356 18 331
357 18 296
358 18 320
359 18 290
360 18 281
361 18 298
362 18 299
363 18 311
364 18 300
365 18 281
366 18 327
367 18 300
368 18 272
369 18 298
370 18 315
371 18 299
372 18 282
373 18 286
374 18 290
375 18 294
376 18 305
377 18 286
378 18 310
379 18 277
380 18 284
381 18 292
382 18 295
383 18 310
385 18 324
386 18 306
387 18 344
388 18 306
389 18 332
390 18 293
391 18 294
392 18 303
393 18 321
394 18 342
395 18 308
396 18 307
397 18 291
398 18 295
399 18 304
400 18 282
401 18 317
402 18 308
403 18 301
405 18 252
406 18 293
407 18 315
409 18 348
410 18 317
411 18 298
412 18 307
413 18 326
415 18 332
416 18 297
417 18 322
418 18 323
419 18 296
420 18 313
422 18 304
423 18 279
424 18 289
425 18 315
426 18 277
427 18 303
428 18 308
429 18 311
430 18 283
431 18 337
432 18 312
433 18 277
434 18 305
435 18 294
436 18 309
437 18 302
438 18 284
439 18 312
440 18 290
441 18 303
442 18 298
443 18 322
444 18 310
445 18 289
446 18 302
447 18 275
448 18 309
449 18 364
450 18 308
451 18 339
452 18 293
453 18 314
454 18 340
456 18 298
457 18 302
458 18 295
459 18 295
460 18 288
461 18 294
462 18 301
463 18 301
464 18 296
466 18 281
467 18 286
469 18 314
470 18 313
471 18 306
472 18 307
474 18 317
475 18 292
476 18 315
477 18 290
478 18 256
479 18 245
481 18 302
482 18 255
483 18 291
484 18 310
485 18 338
486 18 327
487 18 320
488 18 289
491 18 310
492 18 336
493 18 311
494 18 315
495 18 345
496 18 302
497 18 293
499 18 306
0 19 316
1 19 314
2 19 280
3 19 295
4 19 328
5 19 285
7 19 313
8 19 293
9 19 256
10 19 314
11 19 292
12 19 327
13 19 306
14 19 318
15 19 317
16 19 305
17 19 306
18 19 324
19 19 312
20 19 295
21 19 332
22 19 290
24 19 315
25 19 280
26 19 309
28 19 320
30 19 323
31 19 317
32 19 275
33 19 271
34 19 294
35 19 310
36 19 272
37 19 295
38 19 283
39 19 291
40 19 277
42 19 262
43 19 321
44 19 326
45 19 297
46 19 282
48 19 287
49 19 310
50 19 316
51 19 268
52 19 295
53 19 281
55 19 300
57 19 287
58 19 274
59 19 279
60 19 285
61 19 311
62 19 321
63 19 302
64 19 276
65 19 294
66 19 274
67 19 290
68 19 303
69 19 319
70 19 297
71 19 293
73 19 325
74 19 255
75 19 307
76 19 308
77 19 308
78 19 302
79 19 259
80 19 309
81 19 284
83 19 286
84 19 282
85 19 316
86 19 315
87 19 315
88 19 318
89 19 330
90 19 303
91 19 294
92 19 310
93 19 287
94 19 289
95 19 301
96 19 311
97 19 310
98 19 289
99 19 304
100 19 298
102 19 306
103 19 326
104 19 294
105 19 338
106 19 307
107 19 316
108 19 313
110 19 316
112 19 298
113 19 309
114 19 284
115 19 312
116 19 265
118 19 294
119 19 311
120 19 325
121 19 265
122 19 264
123 19 318
124 19 284
125 19 307
126 19 304
127 19 281
128 19 310
129 19 281
131 19 297
132 19 294
133 19 277
134 19 296
135 19 317
136 19 285
137 19 358
138 19 268
139 19 310
140 19 271
141 19 264
142 19 306
143 19 288
144 19 326
145 19 284
146 19 281
147 19 288
148 19 311
149 19 318
150 19 302
151 19 317
152 19 340
153 19 300
154 19 328
155 19 307
156 19 322
158 19 299
159 19 317
160 19 324
161 19 300
163 19 294
164 19 329
166 19 337
167 19 297
168 19 302
169 19 307
170 19 316
171 19 317
172 19 299
173 19 282
174 19 309
175 19 298
176 19 291
177 19 307
178 19 330
179 19 317
180 19 292
181 19 316
183 19 337
184 19 281
185 19 275
186 19 290
187 19 308
189 19 307
190 19 269
191 19 340
192 19 309
193 19 322
194 19 287
195 19 307
196 19 282
197 19 270
198 19 290
199 19 291
200 19 294
201 19 308
202 19 283
203 19 292
204 19 299
205 19 296
206 19 288
208 19 263
209 19 302
210 19 293
211 19 308
212 19 298
213 19 311
214 19 341
215 19 319
216 19 300
217 19 279
218 19 258
219 19 301
220 19 288
221 19 291
223 19 329
224 19 303
225 19 294
226 19 282
227 19 305
228 19 276
229 19 300
230 19 274
231 19 266
232 19 309
233 19 300
234 19 284
235 19 308
236 19 301
237 19 305
238 19 321
239 19 293
240 19 291
241 19 283
242 19 311
243 19 311
244 19 292
245 19 283
246 19 279
247 19 308
248 19 324
249 19 294
250 19 320
251 19 309
252 19 296
254 19 277
255 19 303
256 19 318
257 19 325
258 19 296
259 19 285
260 19 287
261 19 302
262 19 285
263 19 302
264 19 337
265 19 324
266 19 284
267 19 310
268 19 310
269 19 311
270 19 311
272 19 284
273 19 303
274 19 314
275 19 285
276 19 299
277 19 296
279 19 288
280 19 303
282 19 290
283 19 327
284 19 311
285 19 303
287 19 336
288 19 279
289 19 296
290 19 290
291 19 285
292 19 298
293 19 298
294 19 315
295 19 273
296 19 318
297 19 325
298 19 301
299 19 307
300 19 313
301 19 331
302 19 279
303 19 322
304 19 323
305 19 305
306 19 283
307 19 289
308 19 297
309 19 290
311 19 269
312 19 302
314 19 317
315 19 294
316 19 281
317 19 285
318 19 295
319 19 315
320 19 307
321 19 313
322 19 299
323 19 310
324 19 300
325 19 309
326 19 295
327 19 284
328 19 305
329 19 304
330 19 296
331 19 312
332 19 304
334 19 330
335 19 293
336 19 311
337 19 335
339 19 300
340 19 293
342 19 284
343 19 309
344 19 306
345 19 328
346 19 291
349 19 340
350 19 284
352 19 319
353 19 325
354 19 334
355 19 285
356 19 315
357 19 321
358 19 278
360 19 313
361 19 318
362 19 283
363 19 330
365 19 298
367 19 272
368 19 310
369 19 295
370 19 288
371 19 297
372 19 289
373 19 266
374 19 296
375 19 291
376 19 292
377 19 320
378 19 330
379 19 340
381 19 314
382 19 301
383 19 285
385 19 306
386 19 338
387 19 303
389 19 274
391 19 279
393 19 301
394 19 306
395 19 316
396 19 303
397 19 320
398 19 301
399 19 284
400 19 313
401 19 298
402 19 302
403 19 311
404 19 294
405 19 304
406 19 316
407 19 304
408 19 318
409 19 298
410 19 328
413 19 302
414 19 304
415 19 316
417 19 321
418 19 309
420 19 304
421 19 287
422 19 318
423 19 315
424 19 297
425 19 340
426 19 280
427 19 275
428 19 289
429 19 305
430 19 302
431 19 332
432 19 274
433 19 281
434 19 277
435 19 298
436 19 305
437 19 291
438 19 304
439 19 295
440 19 299
441 19 278
442 19 310
443 19 320
444 19 312
445 19 295
446 19 305
448 19 299
449 19 308
450 19 302
451 19 337
452 19 305
453 19 320
455 19 302
456 19 289
457 19 312
458 19 299
459 19 318
460 19 266
461 19 310
462 19 299
463 19 297
464 19 328
465 19 298
466 19 283
467 19 310
468 19 318
469 19 300
470 19 281
471 19 287
472 19 313
474 19 294
475 19 326
477 19 306
478 19 333
479 19 295
480 19 320
481 19 303
482 19 317
483 19 299
484 19 290
485 19 325
486 19 326
487 19 313
488 19 311
489 19 302
490 19 301
491 19 307
492 19 303
493 19 311
494 19 290
495 19 290
496 19 309
497 19 293
499 19 305