500 20 908 5 2000
145 400 337 274 82 189 346 33 69 218 273 81 183 123 321 60 228 380 75 97 389 446 82 179 243 331 63 58 83 230 300 458 76 248 233 219 14 173 446 111 147 451 464 224 89 171 293 31 413 135 437 468 259 180 450 499 215 334 205 223 96 238 246 425 100 317 235 350 62 166 341 12 428 154 453 37 339 489 154 427 194 494 425 58 217 194 99 164 390 169 144 144 228 163 159 188 316 419 124 466 226 406 278 191 66 426 366 423 294 38 94 407 240 161 165 222 386 375 283 481 322 37 215 51 82 105 40 231 352 235 113 384 90 408 187 181 499 364 172 273 210 226 260 198 146 437 224 63 452 370 103 416 236 413 295 245 195 196 257 222 146 172 152 60 451 171 315 296 277 54 320 428 376 379 205 294 323 432 296 162 390 126 352 208 133 211 101 248 392 273 455 208 234 244 464 458 177 98 401 486 475 272 208 54 412 440 365 451 116 109 220 320 377 287 69 250 413 47 160 337 28 498 382 290 54 293 318 287 197 383 499 225 351 228 344 440 47 48 389 166 111 250 277 435 241 243 126 453 41 316 343 239 77 121 107 366 199 488 336 108 244 472 389 56 204 217 174 483 256 267 422 104 435 119 87 260 76 439 300 295 380 342 347 254 317 123 205 209 61 60 92 418 289 358 121 244 209 100 144 56 150 438 132 99 36 166 171 71 64 257 456 32 472 203 352 300 275 377 363 161 196 185 395 93 13 96 494 88 222 194 10 319 380 248 219 18 155 245 473 26 19 343 83 74 467 99 273 267 52 297 222 100 291 223 59 313 288 476 440 173 237 127 55 328 315 97 287 174 159 360 395 328 332 441 151 244 83 52 354 377 496 83 340 242 163 88 28 348 68 449 307 434 148 464 233 45 292 282 21 99 493 74 150 442 150 64 132 128 347 393 295 13 376 69 386 201 343 380 203 144 387 84 460 200 321 309 413 193 293 331 29 158 108 150 474 64 370 201 434 402 407 449 302 430 460 354 199 200 63 421 193 98 316 76 326 413 353 179 403 331 347 145 355 154 62 229 24 264 496 201 373 414 37 121 70 493 278 19 293 328 394 333 83 83 148 362 479 385 474 173 389 93 235 72 60 477 417 51 116 253
847 2
1 143
4 172
309 2
0 25
3 215
914 1
2 220
958 2
1 492
4 492
130 2
0 102
3 14
898 1
2 240
345 2
1 68
4 80
167 2
0 145
3 110
143 1
2 74
697 2
1 334
4 218
981 2
0 465
3 166
101 1
2 53
218 2
1 176
4 204
515 2
0 96
3 418
521 1
2 277
504 2
1 248
4 455
200 2
0 44
3 185
711 1
2 486
273 2
1 247
4 216
440 2
0 176
3 91
4 0 533
15 0 874
26 0 760
37 0 194
48 0 914
59 0 533
70 0 979
81 0 141
92 0 689
103 0 868
114 0 74
125 0 428
136 0 816
147 0 351
158 0 97
169 0 24
180 0 732
191 0 870
202 0 591
213 0 965
224 0 547
235 0 298
246 0 792
257 0 982
268 0 990
279 0 373
290 0 210
301 0 243
312 0 969
323 0 448
334 0 731
345 0 771
356 0 575
367 0 864
378 0 65
389 0 625
400 0 576
411 0 126
422 0 993
433 0 41
444 0 49
455 0 817
466 0 889
477 0 881
488 0 181
499 0 661
6 1 842
17 1 166
28 1 363
39 1 15
50 1 586
61 1 336
72 1 940
83 1 688
94 1 621
105 1 579
116 1 437
127 1 835
138 1 934
149 1 105
160 1 821
171 1 322
182 1 427
193 1 796
204 1 569
215 1 617
226 1 761
237 1 249
248 1 479
259 1 106
270 1 742
281 1 617
292 1 411
303 1 429
314 1 380
325 1 349
336 1 478
347 1 416
358 1 740
369 1 716
380 1 622
391 1 630
402 1 986
413 1 640
424 1 989
435 1 886
446 1 180
457 1 920
468 1 824
479 1 45
490 1 513
8 2 558
19 2 591
30 2 827
41 2 145
52 2 871
63 2 208
74 2 318
85 2 775
96 2 625
107 2 682
118 2 474
129 2 523
140 2 526
151 2 87
162 2 830
173 2 362
184 2 214
195 2 133
206 2 223
217 2 54
228 2 604
239 2 128
250 2 12
261 2 396
272 2 609
283 2 306
294 2 631
305 2 740
316 2 584
327 2 862
338 2 669
349 2 466
360 2 172
371 2 956
382 2 232
393 2 621
404 2 395
415 2 415
426 2 413
437 2 909
448 2 341
459 2 952
470 2 904
481 2 571
492 2 944
10 3 104
21 3 102
32 3 580
43 3 797
54 3 51
65 3 889
76 3 969
87 3 131
98 3 447
109 3 737
120 3 711
131 3 78
142 3 56
153 3 664
164 3 519
175 3 920
186 3 388
197 3 920
208 3 944
219 3 693
230 3 282
241 3 516
252 3 202
263 3 446
274 3 244
285 3 271
296 3 386
307 3 398
318 3 33
329 3 181
340 3 156
351 3 331
362 3 10
373 3 710
384 3 473
395 3 682
406 3 729
417 3 537
428 3 631
439 3 419
450 3 321
461 3 635
472 3 326
483 3 897
494 3 309
1 4 541
12 4 428
23 4 58
34 4 639
45 4 378
56 4 86
67 4 217
78 4 978
89 4 252
100 4 399
111 4 38
122 4 19
133 4 18
144 4 567
155 4 861
166 4 201
177 4 160
188 4 291
199 4 693
210 4 219
221 4 827
232 4 406
243 4 952
254 4 825
265 4 881
276 4 678
287 4 666
298 4 459
309 4 301
320 4 99
331 4 699
342 4 468
353 4 179
364 4 788
375 4 217
386 4 799
397 4 7
408 4 379
419 4 88
430 4 440
441 4 574
452 4 596
463 4 356
474 4 952
485 4 738
496 4 344
3 5 343
14 5 64
25 5 312
36 5 464
47 5 751
58 5 361
69 5 98
80 5 723
91 5 1
102 5 735
113 5 523
124 5 271
135 5 487
146 5 137
157 5 655
168 5 183
179 5 801
190 5 201
201 5 498
212 5 326
223 5 149
234 5 843
245 5 82
256 5 53
267 5 434
278 5 586
289 5 145
300 5 118
311 5 115
322 5 770
333 5 66
344 5 654
355 5 423
366 5 446
377 5 37
388 5 745
399 5 879
410 5 291
421 5 910
432 5 296
443 5 89
454 5 800
465 5 317
476 5 321
487 5 332
498 5 784
5 6 57
16 6 155
27 6 948
38 6 176
49 6 397
60 6 715
71 6 460
82 6 494
93 6 969
104 6 170
115 6 544
126 6 400
137 6 84
148 6 226
159 6 432
170 6 141
181 6 223
192 6 346
203 6 343
214 6 770
225 6 746
236 6 382
247 6 994
258 6 138
269 6 204
280 6 854
291 6 850
302 6 434
313 6 446
324 6 704
335 6 975
346 6 746
357 6 37
368 6 472
379 6 860
390 6 895
401 6 737
412 6 669
423 6 364
434 6 620
445 6 14
456 6 948
467 6 95
478 6 90
489 6 636
7 7 326
18 7 113
29 7 215
40 7 270
51 7 908
62 7 912
73 7 908
84 7 362
95 7 802
106 7 591
117 7 810
128 7 842
139 7 986
150 7 624
161 7 363
172 7 282
183 7 596
194 7 853
205 7 451
216 7 459
227 7 915
238 7 471
249 7 134
260 7 761
271 7 327
282 7 824
293 7 128
304 7 832
315 7 886
326 7 991
337 7 496
348 7 402
359 7 455
370 7 677
381 7 871
392 7 875
403 7 109
414 7 525
425 7 591
436 7 386
447 7 399
458 7 330
469 7 898
480 7 973
491 7 619
9 8 253
20 8 320
31 8 931
42 8 638
53 8 810
64 8 510
75 8 968
86 8 831
97 8 729
108 8 593
119 8 933
130 8 13
141 8 384
152 8 981
163 8 531
174 8 439
185 8 193
196 8 918
207 8 320
218 8 83
229 8 64
240 8 895
251 8 24
262 8 513
273 8 733
284 8 42
295 8 261
306 8 67
317 8 903
328 8 247
339 8 591
350 8 139
361 8 192
372 8 249
383 8 243
394 8 377
405 8 778
416 8 95
427 8 710
438 8 700
449 8 614
460 8 245
471 8 611
482 8 577
493 8 357
0 9 206
11 9 956
22 9 825
33 9 285
44 9 502
55 9 172
66 9 350
77 9 504
88 9 863
99 9 462
110 9 526
121 9 169
132 9 558
143 9 301
154 9 701
165 9 506
176 9 154
187 9 952
198 9 755
209 9 701
220 9 574
231 9 633
242 9 121
253 9 570
264 9 641
275 9 734
286 9 521
297 9 432
308 9 494
319 9 283
330 9 903
341 9 348
352 9 960
363 9 194
374 9 949
385 9 208
396 9 90
407 9 72
418 9 926
429 9 298
440 9 447
451 9 727
462 9 669
473 9 493
484 9 311
495 9 88
2 10 166
13 10 276
24 10 302
35 10 972
46 10 800
57 10 570
68 10 127
79 10 650
90 10 95
101 10 83
112 10 227
123 10 507
134 10 785
145 10 572
156 10 176
167 10 144
178 10 607
189 10 407
200 10 122
211 10 463
222 10 205
233 10 821
244 10 582
255 10 949
266 10 558
277 10 716
288 10 660
299 10 539
310 10 874
321 10 698
332 10 119
343 10 772
354 10 412
365 10 57
376 10 600
387 10 915
398 10 800
409 10 409
420 10 161
431 10 403
442 10 860
453 10 172
464 10 747
475 10 707
486 10 521
497 10 862
4 11 295
15 11 537
26 11 542
37 11 737
48 11 702
59 11 573
70 11 289
81 11 919
92 11 18
103 11 689
114 11 447
125 11 248
136 11 708
147 11 328
158 11 469
169 11 747
180 11 465
191 11 717
202 11 204
213 11 250
224 11 341
235 11 323
246 11 55
257 11 19
268 11 924
279 11 908
290 11 500
301 11 790
312 11 201
323 11 544
334 11 625
345 11 943
356 11 224
367 11 231
378 11 205
389 11 276
400 11 49
411 11 682
422 11 590
433 11 181
444 11 1
455 11 85
466 11 114
477 11 120
488 11 805
499 11 203
6 12 761
17 12 862
28 12 548
39 12 381
50 12 471
61 12 763
72 12 212
83 12 169
94 12 684
105 12 337
116 12 618
127 12 54
138 12 781
149 12 493
160 12 98
171 12 911
182 12 370
193 12 960
204 12 482
215 12 797
226 12 181
237 12 878
248 12 979
259 12 690
270 12 32
281 12 64
292 12 829
303 12 185
314 12 736
325 12 476
336 12 388
347 12 22
358 12 344
369 12 189
380 12 553
391 12 173
402 12 83
413 12 553
424 12 196
435 12 690
446 12 837
457 12 949
468 12 503
479 12 518
490 12 385
8 13 270
19 13 96
30 13 156
41 13 585
52 13 153
63 13 974
74 13 596
85 13 286
96 13 20
107 13 682
118 13 766
129 13 615
140 13 753
151 13 466
162 13 672
173 13 536
184 13 263
195 13 853
206 13 181
217 13 889
228 13 40
239 13 814
250 13 895
261 13 43
272 13 976
283 13 506
294 13 647
305 13 458
316 13 169
327 13 154
338 13 466
349 13 721
360 13 528
371 13 362
382 13 162
393 13 747
404 13 566
415 13 494
426 13 412
437 13 880
448 13 560
459 13 806
470 13 460
481 13 998
492 13 231
10 14 955
21 14 145
32 14 545
43 14 323
54 14 948
65 14 932
76 14 650
87 14 425
98 14 972
109 14 585
120 14 742
131 14 9
142 14 544
153 14 577
164 14 283
175 14 768
186 14 255
197 14 334
208 14 629
219 14 381
230 14 695
241 14 983
252 14 798
263 14 599
274 14 112
285 14 93
296 14 666
307 14 851
318 14 889
329 14 436
340 14 57
351 14 296
362 14 717
373 14 713
384 14 684
395 14 522
406 14 675
417 14 969
428 14 156
439 14 47
450 14 742
461 14 43
472 14 325
483 14 326
494 14 387
1 15 551
12 15 741
23 15 509
34 15 467
45 15 235
56 15 168
67 15 752
78 15 51
89 15 552
100 15 502
111 15 784
122 15 130
133 15 765
144 15 458
155 15 933
166 15 280
177 15 669
188 15 721
199 15 521
210 15 545
221 15 521
232 15 177
243 15 866
254 15 835
265 15 445
276 15 859
287 15 522
298 15 723
309 15 496
320 15 948
331 15 637
342 15 98
353 15 897
364 15 660
375 15 691
386 15 910
397 15 962
408 15 391
419 15 259
430 15 179
441 15 844
452 15 138
463 15 780
474 15 31
485 15 614
496 15 292
3 16 901
14 16 846
25 16 257
36 16 323
47 16 155
58 16 515
69 16 732
80 16 129
91 16 168
102 16 898
113 16 780
124 16 951
135 16 181
146 16 240
157 16 571
168 16 505
179 16 214
190 16 508
201 16 959
212 16 901
223 16 790
234 16 801
245 16 133
256 16 379
267 16 485
278 16 193
289 16 77
300 16 484
311 16 169
322 16 751
333 16 158
344 16 751
355 16 213
366 16 592
377 16 23
388 16 296
399 16 292
410 16 775
421 16 423
432 16 853
443 16 368
454 16 9
465 16 234
476 16 251
487 16 773
498 16 83
5 17 249
16 17 834
27 17 97
38 17 484
49 17 618
60 17 109
71 17 128
82 17 822
93 17 89
104 17 119
115 17 226
126 17 478
137 17 824
148 17 361
159 17 769
170 17 201
181 17 262
192 17 486
203 17 558
214 17 947
225 17 322
236 17 788
247 17 659
258 17 195
269 17 707
280 17 619
291 17 942
302 17 856
313 17 181
324 17 811
335 17 219
346 17 853
357 17 95
368 17 294
379 17 261
390 17 392
401 17 948
412 17 151
423 17 17
434 17 550
445 17 811
456 17 480
467 17 853
478 17 752
489 17 656
7 18 123
18 18 100
29 18 129
40 18 914
51 18 5
62 18 779
73 18 42
84 18 137
95 18 356
106 18 759
117 18 840
128 18 949
139 18 652
150 18 591
161 18 366
172 18 587
183 18 735
194 18 500
205 18 745
216 18 7
227 18 793
238 18 235
249 18 224
260 18 659
271 18 177
282 18 605
293 18 691
304 18 192
315 18 59
326 18 917
337 18 299
348 18 911
359 18 30
370 18 25
381 18 436
392 18 702
403 18 913
414 18 70
425 18 517
436 18 117
447 18 469
458 18 987
469 18 761
480 18 585
491 18 191
9 19 576
20 19 695
31 19 808
42 19 425
53 19 992
64 19 918
75 19 226
86 19 135
97 19 334
108 19 982
119 19 658
130 19 794
141 19 228
152 19 342
163 19 429
174 19 761
185 19 306
196 19 32
207 19 386
218 19 822
229 19 291
240 19 245
251 19 375
262 19 927
273 19 44
284 19 335
295 19 509
306 19 139
317 19 149
328 19 19
339 19 90
350 19 541
361 19 473
372 19 934
383 19 37
394 19 228
405 19 426
416 19 666
427 19 734
438 19 514
449 19 819
460 19 750
471 19 645
482 19 42
493 19 568