500 20 4345 5 2000
67 495 234 467 207 26 415 232 446 371 431 132 376 47 70 360 38 350 174 173 421 496 38 436 382 404 16 291 427 471 433 314 34 178 64 215 382 38 335 67 284 201 85 205 262 360 481 401 263 461 229 199 258 300 447 168 65 27 205 127 119 146 451 304 151 335 97 79 251 62 139 59 13 288 165 353 364 461 115 139 328 429 417 445 105 253 487 350 286 292 318 135 410 184 250 493 129 403 319 232 254 57 94 391 112 488 120 167 369 84 243 182 342 450 454 343 138 254 463 286 424 371 76 434 361 143 22 304 492 465 177 366 230 447 156 51 56 475 126 85 93 150 438 377 185 304 195 70 485 12 182 496 57 218 418 490 378 272 299 15 27 164 372 295 295 395 211 438 176 199 232 424 149 271 476 336 167 281 312 191 218 367 380 231 470 498 117 455 240 92 461 332 102 412 277 498 446 246 357 42 477 403 469 294 470 134 342 269 72 53 368 288 402 496 186 347 279 60 490 226 228 264 228 352 402 264 32 322 300 58 63 303 434 438 477 314 248 144 350 269 169 440 86 86 143 438 420 149 261 402 101 70 484 407 130 70 239 456 258 252 160 91 347 282 430 386 349 144 235 31 229 319 328 189 235 106 233 101 388 463 222 438 393 154 430 401 34 109 12 36 81 67 351 189 386 201 195 64 344 14 103 207 404 201 358 388 404 143 306 99 427 261 146 205 10 420 425 37 345 173 92 468 343 81 408 439 235 452 18 262 90 344 203 280 329 197 363 320 476 65 450 462 38 321 479 241 48 212 42 302 495 356 191 355 424 21 129 340 500 393 455 92 351 159 380 152 23 493 62 369 98 293 339 126 266 156 300 84 187 285 183 280 221 336 459 345 41 484 442 328 11 38 50 35 215 431 487 338 51 202 268 43 473 258 418 123 226 90 227 303 166 118 303 117 158 242 499 413 354 441 261 311 240 330 50 60 329 221 123 62 107 161 381 80 161 400 427 342 178 90 475 195 337 267 379 331 165 281 457 200 489 171 216 340 92 110 496 43 370 131 188 494 153 255 79 438 177 247 100 25 497 463 284 349 96 224 63 117 92 469 411 88 407 457 368 485 346 387 73 139 290 48 304 236 44 286 337 169 186 220
757 3
0 348
1 499
3 290
246 1
2 70
414 5
0 164
1 334
2 268
3 122
4 32
309 2
1 264
4 227
462 2
1 90
2 47
156 1
4 119
134 4
0 133
2 125
3 7
4 70
423 2
1 61
2 325
158 2
2 59
4 139
626 4
0 228
2 292
3 213
4 408
352 3
0 338
1 101
2 138
933 2
2 366
3 417
487 1
0 468
183 2
0 28
3 99
516 3
0 295
3 393
4 13
184 4
1 173
2 102
3 58
4 181
330 2
1 313
4 89
803 2
2 274
4 157
441 3
0 268
3 245
4 349
438 2
3 339
4 247
0 0 293
2 0 314
5 0 286
6 0 288
7 0 291
8 0 297
9 0 302
10 0 319
12 0 293
13 0 309
14 0 281
15 0 306
18 0 302
21 0 310
22 0 278
24 0 278
25 0 278
26 0 284
28 0 266
29 0 334
32 0 294
33 0 269
34 0 318
35 0 253
36 0 288
37 0 307
38 0 277
39 0 294
40 0 303
42 0 288
43 0 269
45 0 298
46 0 299
47 0 269
48 0 265
50 0 275
51 0 298
52 0 293
53 0 265
54 0 240
55 0 268
56 0 264
61 0 273
62 0 250
65 0 244
66 0 274
67 0 282
69 0 293
70 0 289
72 0 275
73 0 246
74 0 265
75 0 249
79 0 260
80 0 267
81 0 282
82 0 297
83 0 269
85 0 261
86 0 263
89 0 239
91 0 252
95 0 258
96 0 292
99 0 262
100 0 272
101 0 256
102 0 255
103 0 267
104 0 266
105 0 199
106 0 243
107 0 271
109 0 236
112 0 238
114 0 223
115 0 245
116 0 237
120 0 256
121 0 236
122 0 235
124 0 292
126 0 224
127 0 233
128 0 257
129 0 263
130 0 247
132 0 246
133 0 206
134 0 218
135 0 205
143 0 249
145 0 212
146 0 262
147 0 253
148 0 233
150 0 235
151 0 228
153 0 241
156 0 238
157 0 218
158 0 219
160 0 228
161 0 231
164 0 217
166 0 217
167 0 227
168 0 218
169 0 247
170 0 222
172 0 221
173 0 216
174 0 209
177 0 218
178 0 226
181 0 200
182 0 207
183 0 223
184 0 210
185 0 216
186 0 182
188 0 215
190 0 231
195 0 230
197 0 184
198 0 209
199 0 197
201 0 198
202 0 196
205 0 211
206 0 203
207 0 211
209 0 199
210 0 205
215 0 180
216 0 196
217 0 186
218 0 216
219 0 203
221 0 202
222 0 213
223 0 226
224 0 201
229 0 199
230 0 185
232 0 176
234 0 198
237 0 187
239 0 199
241 0 177
242 0 212
245 0 185
247 0 189
253 0 175
254 0 199
255 0 189
256 0 217
257 0 172
261 0 191
263 0 193
265 0 178
267 0 167
271 0 188
280 0 184
281 0 170
289 0 179
290 0 170
292 0 150
294 0 180
298 0 152
299 0 171
303 0 138
309 0 129
316 0 169
317 0 141
319 0 153
321 0 139
325 0 141
333 0 140
335 0 142
336 0 139
339 0 117
341 0 139
342 0 112
345 0 136
348 0 122
353 0 114
367 0 128
369 0 91
370 0 120
375 0 108
376 0 113
384 0 102
386 0 110
387 0 113
388 0 88
390 0 97
400 0 79
401 0 80
402 0 76
403 0 83
408 0 95
411 0 102
412 0 66
413 0 76
416 0 78
419 0 77
420 0 77
424 0 83
427 0 74
429 0 65
434 0 71
435 0 65
437 0 70
439 0 74
444 0 43
445 0 61
447 0 59
448 0 54
453 0 71
458 0 51
459 0 53
476 0 40
477 0 27
478 0 34
487 0 25
1 1 283
2 1 332
3 1 278
4 1 319
5 1 326
7 1 264
8 1 295
9 1 306
11 1 288
13 1 324
14 1 297
15 1 293
17 1 300
18 1 341
19 1 310
20 1 296
22 1 282
23 1 298
24 1 280
26 1 304
27 1 258
29 1 304
30 1 272
34 1 271
37 1 271
38 1 258
39 1 289
41 1 316
42 1 279
43 1 303
44 1 281
45 1 255
46 1 301
47 1 267
48 1 245
49 1 299
54 1 285
55 1 279
56 1 305
58 1 272
59 1 292
60 1 259
61 1 285
63 1 244
64 1 269
65 1 270
67 1 278
68 1 271
70 1 287
73 1 279
74 1 271
75 1 264
76 1 276
79 1 286
81 1 275
82 1 271
83 1 236
84 1 247
86 1 253
87 1 284
88 1 258
90 1 221
94 1 256
96 1 265
99 1 242
100 1 237
103 1 247
105 1 261
106 1 260
109 1 243
110 1 259
111 1 263
114 1 240
115 1 255
116 1 238
117 1 256
118 1 291
121 1 238
122 1 225
124 1 249
127 1 232
130 1 233
131 1 210
132 1 241
133 1 234
135 1 254
138 1 241
141 1 260
142 1 244
143 1 220
144 1 231
145 1 241
146 1 211
148 1 221
150 1 207
152 1 236
153 1 245
158 1 221
160 1 210
162 1 220
164 1 213
167 1 214
170 1 232
171 1 205
175 1 238
179 1 211
180 1 221
181 1 210
184 1 213
186 1 206
187 1 211
188 1 222
191 1 214
193 1 217
194 1 239
195 1 210
196 1 226
197 1 213
200 1 211
203 1 210
204 1 195
206 1 199
208 1 204
210 1 183
211 1 215
215 1 191
217 1 185
221 1 197
223 1 201
224 1 188
228 1 182
230 1 180
238 1 200
240 1 164
241 1 147
242 1 182
243 1 169
245 1 199
247 1 199
248 1 183
253 1 174
256 1 180
261 1 170
262 1 179
264 1 180
265 1 181
267 1 187
268 1 178
270 1 175
273 1 147
276 1 146
277 1 175
281 1 153
283 1 187
284 1 152
285 1 162
286 1 157
287 1 155
290 1 143
291 1 148
295 1 125
299 1 137
303 1 136
305 1 142
308 1 126
309 1 144
310 1 162
313 1 149
314 1 139
315 1 139
316 1 148
318 1 143
320 1 152
321 1 119
323 1 154
325 1 136
326 1 136
328 1 128
329 1 148
330 1 134
335 1 153
338 1 145
339 1 130
340 1 134
341 1 147
343 1 115
345 1 134
349 1 126
356 1 121
359 1 107
360 1 121
361 1 129
369 1 118
372 1 103
377 1 137
382 1 102
384 1 90
392 1 103
394 1 118
400 1 94
401 1 86
402 1 78
403 1 114
408 1 100
410 1 65
412 1 93
413 1 103
422 1 84
429 1 64
430 1 77
434 1 56
437 1 86
445 1 77
447 1 72
459 1 43
466 1 57
468 1 38
470 1 32
471 1 35
474 1 28
483 1 33
488 1 25
493 1 15
495 1 19
0 2 300
1 2 296
2 2 321
3 2 280
4 2 280
6 2 304
7 2 291
9 2 270
10 2 265
12 2 274
13 2 262
14 2 283
15 2 291
17 2 285
18 2 297
19 2 312
20 2 292
22 2 283
23 2 287
24 2 294
25 2 270
27 2 266
28 2 303
29 2 289
31 2 272
33 2 288
34 2 260
37 2 294
38 2 306
39 2 271
42 2 295
43 2 256
44 2 304
46 2 306
47 2 254
48 2 284
49 2 282
53 2 264
55 2 231
56 2 263
57 2 290
58 2 263
61 2 245
62 2 302
63 2 265
64 2 241
65 2 284
67 2 260
68 2 269
69 2 267
70 2 262
71 2 260
72 2 262
73 2 266
74 2 267
75 2 269
76 2 294
77 2 239
79 2 282
82 2 265
83 2 292
85 2 250
86 2 245
89 2 268
91 2 270
95 2 292
96 2 279
97 2 254
98 2 277
101 2 263
102 2 245
106 2 238
107 2 245
108 2 243
109 2 283
110 2 235
111 2 241
113 2 272
114 2 248
117 2 230
118 2 273
120 2 243
121 2 254
122 2 243
123 2 271
126 2 277
127 2 216
128 2 254
132 2 241
137 2 213
139 2 258
140 2 237
141 2 256
143 2 204
146 2 246
147 2 225
149 2 195
150 2 207
153 2 212
155 2 221
157 2 218
158 2 215
161 2 248
165 2 243
166 2 226
167 2 212
169 2 237
172 2 237
173 2 222
174 2 259
175 2 237
177 2 215
178 2 207
181 2 199
182 2 189
184 2 207
186 2 204
187 2 186
195 2 228
196 2 194
197 2 181
203 2 197
204 2 197
207 2 198
208 2 195
209 2 202
211 2 208
215 2 186
216 2 195
220 2 207
223 2 202
225 2 184
227 2 196
234 2 192
240 2 179
241 2 194
242 2 189
243 2 171
245 2 177
247 2 186
248 2 186
252 2 191
254 2 185
257 2 189
261 2 178
266 2 166
267 2 179
268 2 163
270 2 161
271 2 163
274 2 171
278 2 153
280 2 163
281 2 172
284 2 132
288 2 177
295 2 169
298 2 125
299 2 132
303 2 132
306 2 174
308 2 138
310 2 142
312 2 132
313 2 169
316 2 136
324 2 148
327 2 128
328 2 164
330 2 134
332 2 140
337 2 152
342 2 138
343 2 143
344 2 137
346 2 120
348 2 129
354 2 121
355 2 114
357 2 121
359 2 123
364 2 97
368 2 112
371 2 113
372 2 101
374 2 105
382 2 107
384 2 117
385 2 95
387 2 87
389 2 91
392 2 107
393 2 111
394 2 97
397 2 101
398 2 99
399 2 106
402 2 102
404 2 86
406 2 95
407 2 98
412 2 85
413 2 71
415 2 94
419 2 90
420 2 74
427 2 79
436 2 72
441 2 58
448 2 43
451 2 60
461 2 50
463 2 41
466 2 37
469 2 42
473 2 44
488 2 20
493 2 24
495 2 16
2 3 308
3 3 297
5 3 271
7 3 328
9 3 309
10 3 309
11 3 284
14 3 288
16 3 307
17 3 295
18 3 303
20 3 311
21 3 257
22 3 293
25 3 287
26 3 289
27 3 262
29 3 281
31 3 277
32 3 264
33 3 278
34 3 284
35 3 272
36 3 280
37 3 268
39 3 278
40 3 288
41 3 300
44 3 295
45 3 278
46 3 267
48 3 246
49 3 261
50 3 281
53 3 250
54 3 289
55 3 289
59 3 252
60 3 279
62 3 292
63 3 250
65 3 284
67 3 291
68 3 261
69 3 266
73 3 295
77 3 270
78 3 247
79 3 247
80 3 289
81 3 240
86 3 266
88 3 243
92 3 267
94 3 251
95 3 265
96 3 273
97 3 252
99 3 220
100 3 253
101 3 230
102 3 248
105 3 254
107 3 255
109 3 264
112 3 268
113 3 231
117 3 227
118 3 242
119 3 237
120 3 278
121 3 211
125 3 239
126 3 241
128 3 215
129 3 259
130 3 243
132 3 248
134 3 233
136 3 225
138 3 236
139 3 216
142 3 256
143 3 266
145 3 237
147 3 213
148 3 221
150 3 233
153 3 216
155 3 243
156 3 233
157 3 235
158 3 220
159 3 219
162 3 229
163 3 223
164 3 247
165 3 221
166 3 212
167 3 228
168 3 165
170 3 227
171 3 235
172 3 212
175 3 228
176 3 221
177 3 216
179 3 220
181 3 229
182 3 235
186 3 206
188 3 233
189 3 236
191 3 217
192 3 188
193 3 202
194 3 201
195 3 209
198 3 209
199 3 222
200 3 194
201 3 189
203 3 192
204 3 215
207 3 207
208 3 195
209 3 159
211 3 187
212 3 219
213 3 207
214 3 181
218 3 192
219 3 214
220 3 207
223 3 201
224 3 187
225 3 171
228 3 182
229 3 194
230 3 164
232 3 188
238 3 177
240 3 197
244 3 160
246 3 193
247 3 157
250 3 202
252 3 171
253 3 192
262 3 169
263 3 165
268 3 186
273 3 165
275 3 158
279 3 153
284 3 187
286 3 162
288 3 151
289 3 158
292 3 148
293 3 141
298 3 160
300 3 126
301 3 150
304 3 154
305 3 172
306 3 142
308 3 148
310 3 135
312 3 139
315 3 136
318 3 154
325 3 121
327 3 137
329 3 136
331 3 142
337 3 137
343 3 118
347 3 121
348 3 128
351 3 131
352 3 142
354 3 120
355 3 125
356 3 137
363 3 131
365 3 109
369 3 99
370 3 118
372 3 110
378 3 109
380 3 118
393 3 100
394 3 98
396 3 74
397 3 95
409 3 79
412 3 89
415 3 94
418 3 85
423 3 86
424 3 79
428 3 62
429 3 70
436 3 61
439 3 65
440 3 73
446 3 60
449 3 59
450 3 71
455 3 64
461 3 50
466 3 41
468 3 59
470 3 43
478 3 28
481 3 35
486 3 30
489 3 22
490 3 21
497 3 13
0 4 270
1 4 322
2 4 323
3 4 273
4 4 314
5 4 303
8 4 333
9 4 285
10 4 274
11 4 296
14 4 311
15 4 281
16 4 315
17 4 254
19 4 290
21 4 287
23 4 305
24 4 303
26 4 267
27 4 287
30 4 295
31 4 256
32 4 273
33 4 316
35 4 282
36 4 263
39 4 269
40 4 302
42 4 285
43 4 286
47 4 274
48 4 265
49 4 269
53 4 278
56 4 287
59 4 275
60 4 260
61 4 261
62 4 288
64 4 283
65 4 256
66 4 270
67 4 265
70 4 269
73 4 246
74 4 261
75 4 271
76 4 280
77 4 231
79 4 261
83 4 259
85 4 224
86 4 269
88 4 248
90 4 236
91 4 273
92 4 257
98 4 247
100 4 254
101 4 254
102 4 230
104 4 240
106 4 261
108 4 277
109 4 256
111 4 243
113 4 282
114 4 249
115 4 247
117 4 273
118 4 207
119 4 269
123 4 255
124 4 256
125 4 236
126 4 276
127 4 229
129 4 246
130 4 241
131 4 265
133 4 249
134 4 255
135 4 255
139 4 256
140 4 227
143 4 220
144 4 226
147 4 240
148 4 229
150 4 249
152 4 249
154 4 223
165 4 225
167 4 242
171 4 228
172 4 231
173 4 230
176 4 218
181 4 212
182 4 238
184 4 226
188 4 236
189 4 210
193 4 206
194 4 222
195 4 184
196 4 209
197 4 209
198 4 191
199 4 220
200 4 204
204 4 205
206 4 195
207 4 214
208 4 206
210 4 196
212 4 187
214 4 177
217 4 173
218 4 202
219 4 215
223 4 198
226 4 176
229 4 186
235 4 186
239 4 204
242 4 165
243 4 171
246 4 197
247 4 195
249 4 195
260 4 178
262 4 164
263 4 189
268 4 149
269 4 174
277 4 139
279 4 150
281 4 157
283 4 161
287 4 140
292 4 150
295 4 159
297 4 172
300 4 141
302 4 164
304 4 151
306 4 177
307 4 169
311 4 156
315 4 139
316 4 142
320 4 127
322 4 158
323 4 125
327 4 140
328 4 141
329 4 134
331 4 112
336 4 135
337 4 129
340 4 152
341 4 128
345 4 126
347 4 127
350 4 117
353 4 105
355 4 102
363 4 94
364 4 110
370 4 104
374 4 106
377 4 125
378 4 102
380 4 101
381 4 93
382 4 98
383 4 106
384 4 91
387 4 100
394 4 88
398 4 103
399 4 112
400 4 84
403 4 96
404 4 77
413 4 80
415 4 79
425 4 83
428 4 84
429 4 72
430 4 63
432 4 74
437 4 71
440 4 57
441 4 78
443 4 53
450 4 50
456 4 53
460 4 45
462 4 55
465 4 43
469 4 38
476 4 42
478 4 41
482 4 26
483 4 30
486 4 26
488 4 29
498 4 14
0 5 287
1 5 315
3 5 299
5 5 280
6 5 304
7 5 290
8 5 285
9 5 315
12 5 295
13 5 307
16 5 328
19 5 288
20 5 287
21 5 261
23 5 281
25 5 279
26 5 280
28 5 300
30 5 260
32 5 286
34 5 278
35 5 274
37 5 244
38 5 288
44 5 287
45 5 269
46 5 330
47 5 289
51 5 245
52 5 276
53 5 290
54 5 280
55 5 263
56 5 273
57 5 268
58 5 278
60 5 258
62 5 266
63 5 247
68 5 257
69 5 276
70 5 261
71 5 259
73 5 286
75 5 293
77 5 252
78 5 262
79 5 264
80 5 288
83 5 276
85 5 264
86 5 266
87 5 292
88 5 260
89 5 234
90 5 277
91 5 253
92 5 248
93 5 271
95 5 293
99 5 260
101 5 268
102 5 258
104 5 231
105 5 208
106 5 242
108 5 263
109 5 247
111 5 263
112 5 273
113 5 243
114 5 233
115 5 230
116 5 247
117 5 255
118 5 231
120 5 246
122 5 230
123 5 230
124 5 219
127 5 240
128 5 212
129 5 248
133 5 253
136 5 216
137 5 267
138 5 228
139 5 227
141 5 233
154 5 224
156 5 249
157 5 224
158 5 219
161 5 199
162 5 204
167 5 214
169 5 200
171 5 214
176 5 203
177 5 218
179 5 238
181 5 234
182 5 239
185 5 209
186 5 210
188 5 198
189 5 222
191 5 220
193 5 214
196 5 210
199 5 218
202 5 218
204 5 196
205 5 199
206 5 189
207 5 223
208 5 222
209 5 206
210 5 189
211 5 189
213 5 175
216 5 193
218 5 175
221 5 197
222 5 174
225 5 193
228 5 176
229 5 186
233 5 179
235 5 201
239 5 215
240 5 187
241 5 192
242 5 174
244 5 167
245 5 178
248 5 196
250 5 164
252 5 201
253 5 176
261 5 157
263 5 167
266 5 173
268 5 157
272 5 174
273 5 173
275 5 171
279 5 159
280 5 184
286 5 174
287 5 145
289 5 173
293 5 155
295 5 168
301 5 165
302 5 137
306 5 139
307 5 164
308 5 147
309 5 136
310 5 160
311 5 166
315 5 145
319 5 145
320 5 125
323 5 116
325 5 154
328 5 141
330 5 141
336 5 122
337 5 135
340 5 151
341 5 109
343 5 136
344 5 118
348 5 136
349 5 117
351 5 116
354 5 128
356 5 123
357 5 138
358 5 111
359 5 107
370 5 117
371 5 115
375 5 98
378 5 104
379 5 116
380 5 110
381 5 112
382 5 104
393 5 91
395 5 90
396 5 108
397 5 95
403 5 99
407 5 93
411 5 84
421 5 78
422 5 74
423 5 83
425 5 64
438 5 68
441 5 53
442 5 64
445 5 72
453 5 58
470 5 34
473 5 42
485 5 30
490 5 25
496 5 19
2 6 314
5 6 294
6 6 290
8 6 295
11 6 265
14 6 299
15 6 279
16 6 303
17 6 304
19 6 309
21 6 298
22 6 301
25 6 268
26 6 298
28 6 295
29 6 289
30 6 298
31 6 283
33 6 298
34 6 297
36 6 257
37 6 296
38 6 285
40 6 293
41 6 276
42 6 268
43 6 261
44 6 276
47 6 293
48 6 272
51 6 276
56 6 309
57 6 277
58 6 262
61 6 283
64 6 259
65 6 262
67 6 289
68 6 275
70 6 274
72 6 237
73 6 255
74 6 272
77 6 271
79 6 289
81 6 255
83 6 267
84 6 256
85 6 244
86 6 241
87 6 240
89 6 254
90 6 254
91 6 239
92 6 275
93 6 272
95 6 266
96 6 248
97 6 255
98 6 229
99 6 258
100 6 272
102 6 249
104 6 269
105 6 293
106 6 251
107 6 236
109 6 256
110 6 245
114 6 268
119 6 227
121 6 220
122 6 252
123 6 226
124 6 224
125 6 248
127 6 258
132 6 229
135 6 267
136 6 254
137 6 225
138 6 207
139 6 244
140 6 235
144 6 224
147 6 255
148 6 221
151 6 238
153 6 225
158 6 221
160 6 253
162 6 246
164 6 234
165 6 267
166 6 202
167 6 217
169 6 202
170 6 226
172 6 236
174 6 197
176 6 214
177 6 215
179 6 219
182 6 211
184 6 208
186 6 175
187 6 229
189 6 203
193 6 201
194 6 183
197 6 183
199 6 199
202 6 200
203 6 219
204 6 227
205 6 226
207 6 187
209 6 193
210 6 187
211 6 219
214 6 179
215 6 208
216 6 209
219 6 206
220 6 199
221 6 189
227 6 210
228 6 198
230 6 206
240 6 176
241 6 204
243 6 194
244 6 186
245 6 196
248 6 155
249 6 163
251 6 195
254 6 208
257 6 171
260 6 179
262 6 177
263 6 151
264 6 146
265 6 162
267 6 172
270 6 197
273 6 158
276 6 168
279 6 155
285 6 152
288 6 152
290 6 157
291 6 146
292 6 129
293 6 157
294 6 170
297 6 182
298 6 148
300 6 161
304 6 128
306 6 133
307 6 133
310 6 130
315 6 159
319 6 141
327 6 127
329 6 148
332 6 151
343 6 135
344 6 125
345 6 112
346 6 115
349 6 138
351 6 136
355 6 126
357 6 107
360 6 130
367 6 115
369 6 110
370 6 103
372 6 85
373 6 117
375 6 100
376 6 103
380 6 84
385 6 106
390 6 99
391 6 84
392 6 106
395 6 115
396 6 87
400 6 100
405 6 83
406 6 93
407 6 96
409 6 87
416 6 86
419 6 74
422 6 74
428 6 78
430 6 61
437 6 60
439 6 68
442 6 59
445 6 66
448 6 57
457 6 36
459 6 52
462 6 42
466 6 44
468 6 44
472 6 47
476 6 33
478 6 29
482 6 27
489 6 19
494 6 14
495 6 18
1 7 310
4 7 307
6 7 288
7 7 286
9 7 295
10 7 289
12 7 288
13 7 318
15 7 257
16 7 302
18 7 269
19 7 285
20 7 292
22 7 294
24 7 297
25 7 310
28 7 281
29 7 297
34 7 309
36 7 292
37 7 285
38 7 292
39 7 304
41 7 272
42 7 285
45 7 276
46 7 252
48 7 254
49 7 279
50 7 293
51 7 257
52 7 301
53 7 273
54 7 275
55 7 280
56 7 291
58 7 273
63 7 259
64 7 294
65 7 274
66 7 258
68 7 274
69 7 270
70 7 271
71 7 288
73 7 244
74 7 270
77 7 263
78 7 283
79 7 263
80 7 247
81 7 265
85 7 276
87 7 275
88 7 270
89 7 248
90 7 240
92 7 265
94 7 254
95 7 268
98 7 245
100 7 291
101 7 260
103 7 220
104 7 270
107 7 228
109 7 222
110 7 257
111 7 263
112 7 265
114 7 249
116 7 258
117 7 220
118 7 229
121 7 242
122 7 238
123 7 225
124 7 263
125 7 213
128 7 230
130 7 270
132 7 195
133 7 227
136 7 223
137 7 238
138 7 239
139 7 215
140 7 221
143 7 257
145 7 234
149 7 233
151 7 254
153 7 231
154 7 237
155 7 228
156 7 206
158 7 228
160 7 232
161 7 178
163 7 229
165 7 217
169 7 246
174 7 209
175 7 209
179 7 230
180 7 206
183 7 208
184 7 213
185 7 184
186 7 197
187 7 220
189 7 206
192 7 216
193 7 195
194 7 188
196 7 206
198 7 216
201 7 183
203 7 175
205 7 206
206 7 204
208 7 200
209 7 189
213 7 194
215 7 197
216 7 194
220 7 191
221 7 187
222 7 190
224 7 185
225 7 175
226 7 198
227 7 189
228 7 192
229 7 172
234 7 205
235 7 197
237 7 188
244 7 173
245 7 182
247 7 169
251 7 181
252 7 193
254 7 169
256 7 169
261 7 176
264 7 187
273 7 188
274 7 170
280 7 173
281 7 144
283 7 145
284 7 157
285 7 175
288 7 170
289 7 141
292 7 134
293 7 150
297 7 150
301 7 146
304 7 124
306 7 161
309 7 137
310 7 154
312 7 170
313 7 148
315 7 142
316 7 137
317 7 140
319 7 159
321 7 112
322 7 160
339 7 130
346 7 117
351 7 129
353 7 127
354 7 125
355 7 125
362 7 124
363 7 126
364 7 119
373 7 108
375 7 109
378 7 97
381 7 108
385 7 92
393 7 89
396 7 97
399 7 95
403 7 87
404 7 85
409 7 96
415 7 78
417 7 80
420 7 60
425 7 74
427 7 72
430 7 59
435 7 69
450 7 52
452 7 55
455 7 51
456 7 56
471 7 42
473 7 25
476 7 36
484 7 27
485 7 24
487 7 20
489 7 30
0 8 295
1 8 275
7 8 269
11 8 291
13 8 329
14 8 290
15 8 286
18 8 306
19 8 280
20 8 289
21 8 290
22 8 279
24 8 294
28 8 280
29 8 302
30 8 297
31 8 304
32 8 280
33 8 288
34 8 278
35 8 315
38 8 290
39 8 288
43 8 300
44 8 267
45 8 294
47 8 302
48 8 294
50 8 276
51 8 279
52 8 262
55 8 289
56 8 268
57 8 278
60 8 260
62 8 281
63 8 247
65 8 260
66 8 260
69 8 288
72 8 267
74 8 274
75 8 276
76 8 230
77 8 259
80 8 252
81 8 276
82 8 271
83 8 252
85 8 262
86 8 253
87 8 261
91 8 254
95 8 246
96 8 292
97 8 254
100 8 257
104 8 265
105 8 242
107 8 254
110 8 250
111 8 256
115 8 254
118 8 234
120 8 259
121 8 245
123 8 228
125 8 247
128 8 248
130 8 262
131 8 228
134 8 238
138 8 228
139 8 234
141 8 251
143 8 239
145 8 224
146 8 252
147 8 225
149 8 188
150 8 230
152 8 231
153 8 225
154 8 213
156 8 215
157 8 236
159 8 200
161 8 223
164 8 227
165 8 217
166 8 193
167 8 220
169 8 244
170 8 232
173 8 222
174 8 205
175 8 224
176 8 234
178 8 219
182 8 211
191 8 217
193 8 202
195 8 208
197 8 216
198 8 207
199 8 196
200 8 179
201 8 201
202 8 200
208 8 168
210 8 198
212 8 194
217 8 214
224 8 190
230 8 198
231 8 181
232 8 180
233 8 183
236 8 173
237 8 180
239 8 185
240 8 167
243 8 178
244 8 171
245 8 167
246 8 185
247 8 184
249 8 164
250 8 196
251 8 177
254 8 162
255 8 191
256 8 181
257 8 170
259 8 170
260 8 167
264 8 182
265 8 173
266 8 163
267 8 198
268 8 172
269 8 173
270 8 176
271 8 158
273 8 149
277 8 173
280 8 153
284 8 165
285 8 154
291 8 147
292 8 155
295 8 161
297 8 143
298 8 146
303 8 127
305 8 147
306 8 150
311 8 145
312 8 145
315 8 129
316 8 136
322 8 142
325 8 149
327 8 151
329 8 108
332 8 122
337 8 144
340 8 125
345 8 139
350 8 131
352 8 123
355 8 142
360 8 125
363 8 121
369 8 96
370 8 125
371 8 103
372 8 113
375 8 91
377 8 113
380 8 95
383 8 106
389 8 103
391 8 92
392 8 113
394 8 82
399 8 82
403 8 99
408 8 82
410 8 88
411 8 80
412 8 92
415 8 99
418 8 84
429 8 74
436 8 64
439 8 74
440 8 65
444 8 60
445 8 74
446 8 60
447 8 54
453 8 43
456 8 44
457 8 47
459 8 52
460 8 55
461 8 47
462 8 45
470 8 46
471 8 33
475 8 41
488 8 29
489 8 23
492 8 21
495 8 21
497 8 22
0 9 288
1 9 302
3 9 282
4 9 304
5 9 313
7 9 293
12 9 279
14 9 307
17 9 292
19 9 291
20 9 267
21 9 318
22 9 276
23 9 318
28 9 290
29 9 291
31 9 273
32 9 248
33 9 300
34 9 271
36 9 295
38 9 306
41 9 293
46 9 279
51 9 270
53 9 285
55 9 254
56 9 259
57 9 266
58 9 263
59 9 259
60 9 281
63 9 274
65 9 285
66 9 275
67 9 271
70 9 260
71 9 294
72 9 245
74 9 264
75 9 271
76 9 245
79 9 259
80 9 234
81 9 267
82 9 255
83 9 268
84 9 298
85 9 272
86 9 280
87 9 271
88 9 257
89 9 276
90 9 272
91 9 256
92 9 262
93 9 246
95 9 258
96 9 250
99 9 264
100 9 263
101 9 274
102 9 238
106 9 259
107 9 238
110 9 224
112 9 240
113 9 238
114 9 246
115 9 257
116 9 251
119 9 243
120 9 265
122 9 280
124 9 243
125 9 222
127 9 247
129 9 240
131 9 243
132 9 223
134 9 243
135 9 239
138 9 244
139 9 251
140 9 217
141 9 213
142 9 255
145 9 234
146 9 239
147 9 227
148 9 243
150 9 225
151 9 233
152 9 235
153 9 238
157 9 246
159 9 206
160 9 248
162 9 207
165 9 232
166 9 213
167 9 196
169 9 238
172 9 226
174 9 223
175 9 210
176 9 214
177 9 215
180 9 242
182 9 207
183 9 218
185 9 192
194 9 184
197 9 223
198 9 213
199 9 230
203 9 183
206 9 191
210 9 187
211 9 189
213 9 212
216 9 184
218 9 195
219 9 218
220 9 173
224 9 165
227 9 189
230 9 195
231 9 228
234 9 200
235 9 194
237 9 165
238 9 193
240 9 214
242 9 199
243 9 173
244 9 170
249 9 186
250 9 186
252 9 194
254 9 171
258 9 166
259 9 183
260 9 165
266 9 166
269 9 173
270 9 161
273 9 163
275 9 178
276 9 179
279 9 150
280 9 156
281 9 164
290 9 146
294 9 159
295 9 159
297 9 163
298 9 140
300 9 156
302 9 172
304 9 156
305 9 145
306 9 134
307 9 150
314 9 136
315 9 150
321 9 129
322 9 118
323 9 140
325 9 143
327 9 124
331 9 119
333 9 135
334 9 123
336 9 136
341 9 125
342 9 124
348 9 116
350 9 110
352 9 129
353 9 140
354 9 106
356 9 142
361 9 114
367 9 101
368 9 115
371 9 130
374 9 117
375 9 103
376 9 130
379 9 114
380 9 107
382 9 98
383 9 119
390 9 102
392 9 90
394 9 102
396 9 74
404 9 100
407 9 86
409 9 87
411 9 100
412 9 58
413 9 85
416 9 78
422 9 63
426 9 75
434 9 59
439 9 79
440 9 73
446 9 54
448 9 62
452 9 58
454 9 56
459 9 53
463 9 50
476 9 34
480 9 39
481 9 26
482 9 25
483 9 27
485 9 27
487 9 31
0 10 327
1 10 286
2 10 317
3 10 296
5 10 303
6 10 293
8 10 298
10 10 311
11 10 306
13 10 292
16 10 271
17 10 299
18 10 311
19 10 267
20 10 314
21 10 269
23 10 266
26 10 281
28 10 273
32 10 302
34 10 279
43 10 295
44 10 258
46 10 271
47 10 292
48 10 293
51 10 286
52 10 291
59 10 286
60 10 275
61 10 253
62 10 277
64 10 269
65 10 262
66 10 253
67 10 258
68 10 262
69 10 267
71 10 294
73 10 282
74 10 249
77 10 255
81 10 290
84 10 275
86 10 275
90 10 288
92 10 270
94 10 263
95 10 250
99 10 257
100 10 253
101 10 272
104 10 246
105 10 259
109 10 225
110 10 256
112 10 255
113 10 227
116 10 257
117 10 238
118 10 268
119 10 252
121 10 238
122 10 263
123 10 250
124 10 268
125 10 221
126 10 246
127 10 255
132 10 260
134 10 252
138 10 225
139 10 213
143 10 223
151 10 236
152 10 197
155 10 228
156 10 216
157 10 202
158 10 213
159 10 221
162 10 220
164 10 225
166 10 245
169 10 214
170 10 218
171 10 200
172 10 226
174 10 213
176 10 252
177 10 223
178 10 224
179 10 200
180 10 197
182 10 233
183 10 187
184 10 221
186 10 193
188 10 210
190 10 204
191 10 207
192 10 202
193 10 213
199 10 174
200 10 217
202 10 188
203 10 201
204 10 226
206 10 209
209 10 175
210 10 187
211 10 180
212 10 186
214 10 173
215 10 183
218 10 181
219 10 220
222 10 220
223 10 201
234 10 187
235 10 208
241 10 162
244 10 182
245 10 161
246 10 196
249 10 198
250 10 155
251 10 177
252 10 199
257 10 192
258 10 180
260 10 164
264 10 182
268 10 170
270 10 153
272 10 157
275 10 186
276 10 156
278 10 153
282 10 141
283 10 151
285 10 159
287 10 185
288 10 162
289 10 167
293 10 175
296 10 151
297 10 154
303 10 154
304 10 163
309 10 157
312 10 154
313 10 153
317 10 152
319 10 121
320 10 145
323 10 132
325 10 141
330 10 144
332 10 133
334 10 145
336 10 128
339 10 132
340 10 135
347 10 115
350 10 136
353 10 116
358 10 118
359 10 96
364 10 131
368 10 97
369 10 109
374 10 121
376 10 106
378 10 106
381 10 111
382 10 94
383 10 97
385 10 99
388 10 108
390 10 85
391 10 99
392 10 89
397 10 97
401 10 93
403 10 87
406 10 87
410 10 83
411 10 75
416 10 73
417 10 87
418 10 85
420 10 80
422 10 82
426 10 59
437 10 72
440 10 67
444 10 66
445 10 59
446 10 65
455 10 58
456 10 45
459 10 44
462 10 49
472 10 50
475 10 35
477 10 41
479 10 46
483 10 32
489 10 30
494 10 17
2 11 311
4 11 270
6 11 285
7 11 272
8 11 285
9 11 304
10 11 325
11 11 307
12 11 301
13 11 317
14 11 319
15 11 293
17 11 300
19 11 318
20 11 290
21 11 277
25 11 298
27 11 288
32 11 272
33 11 262
34 11 290
35 11 317
37 11 292
41 11 267
42 11 292
43 11 289
44 11 275
45 11 274
46 11 268
48 11 290
49 11 265
50 11 288
51 11 263
54 11 254
55 11 252
58 11 271
60 11 268
62 11 262
65 11 284
66 11 245
67 11 268
68 11 259
70 11 256
71 11 276
73 11 276
75 11 268
77 11 255
78 11 284
80 11 265
81 11 273
84 11 280
85 11 287
86 11 272
87 11 254
88 11 277
90 11 248
92 11 256
93 11 250
95 11 255
97 11 258
99 11 274
100 11 241
101 11 264
102 11 255
103 11 266
104 11 281
107 11 262
108 11 278
109 11 243
110 11 237
111 11 230
113 11 262
115 11 240
118 11 240
120 11 232
121 11 247
123 11 230
124 11 233
125 11 246
126 11 253
127 11 218
129 11 249
134 11 250
135 11 249
137 11 233
138 11 252
141 11 249
143 11 260
147 11 247
148 11 238
149 11 229
150 11 231
151 11 226
152 11 232
153 11 248
155 11 216
156 11 263
157 11 216
160 11 219
162 11 229
163 11 232
164 11 227
168 11 223
169 11 267
174 11 211
176 11 210
177 11 218
179 11 235
181 11 187
183 11 220
190 11 242
191 11 208
193 11 216
197 11 192
198 11 216
199 11 199
200 11 221
203 11 199
205 11 208
206 11 209
209 11 215
210 11 174
211 11 202
212 11 199
213 11 185
215 11 204
217 11 212
218 11 210
221 11 187
222 11 189
228 11 184
230 11 181
233 11 169
234 11 182
235 11 166
239 11 189
240 11 211
241 11 187
250 11 178
255 11 201
258 11 198
260 11 169
262 11 161
263 11 157
267 11 181
272 11 152
273 11 184
274 11 159
276 11 157
280 11 145
281 11 168
283 11 179
285 11 164
286 11 182
287 11 190
288 11 156
290 11 154
292 11 191
304 11 145
307 11 138
319 11 144
322 11 128
324 11 141
325 11 121
327 11 164
328 11 133
330 11 128
331 11 142
332 11 144
333 11 133
335 11 125
336 11 123
338 11 150
339 11 130
341 11 128
347 11 127
348 11 133
350 11 112
351 11 131
354 11 117
357 11 116
358 11 137
360 11 119
362 11 104
363 11 125
364 11 119
365 11 123
368 11 108
369 11 111
371 11 109
373 11 115
377 11 113
383 11 109
384 11 87
388 11 110
390 11 104
392 11 105
393 11 101
400 11 95
404 11 87
406 11 83
407 11 92
409 11 90
410 11 77
417 11 81
418 11 82
425 11 81
432 11 72
435 11 68
439 11 62
448 11 51
454 11 47
458 11 50
460 11 49
461 11 54
468 11 54
470 11 45
479 11 28
481 11 31
495 11 12
496 11 11
0 12 339
2 12 268
7 12 298
8 12 281
9 12 292
10 12 316
12 12 299
13 12 283
14 12 285
15 12 291
16 12 279
17 12 331
20 12 286
21 12 273
22 12 299
23 12 293
24 12 280
26 12 252
27 12 275
28 12 291
29 12 254
30 12 277
32 12 265
33 12 266
34 12 266
37 12 272
38 12 280
39 12 274
42 12 262
43 12 259
44 12 284
46 12 297
47 12 283
49 12 283
51 12 276
56 12 264
58 12 275
60 12 281
62 12 266
63 12 285
66 12 288
70 12 225
71 12 247
74 12 285
75 12 278
78 12 283
79 12 278
81 12 260
83 12 273
84 12 245
87 12 261
88 12 250
90 12 261
91 12 262
93 12 270
95 12 256
96 12 240
97 12 264
98 12 242
99 12 261
100 12 257
104 12 254
106 12 267
109 12 236
110 12 256
112 12 255
113 12 241
114 12 264
115 12 232
116 12 256
117 12 239
118 12 243
120 12 237
121 12 288
122 12 283
124 12 265
125 12 237
126 12 255
127 12 253
128 12 220
129 12 239
131 12 262
132 12 257
134 12 221
136 12 206
137 12 237
138 12 287
143 12 244
146 12 206
147 12 233
149 12 233
152 12 243
154 12 236
156 12 249
158 12 221
159 12 243
160 12 236
161 12 231
163 12 241
164 12 212
165 12 260
166 12 199
171 12 239
172 12 223
173 12 192
174 12 238
175 12 211
177 12 217
179 12 193
182 12 205
183 12 226
184 12 223
185 12 219
187 12 198
189 12 206
190 12 211
191 12 226
197 12 209
198 12 194
199 12 220
202 12 192
203 12 214
204 12 205
205 12 205
207 12 203
214 12 194
215 12 224
217 12 201
219 12 199
220 12 173
223 12 188
226 12 183
227 12 176
229 12 168
230 12 192
231 12 169
232 12 180
233 12 195
236 12 171
237 12 175
238 12 211
241 12 182
242 12 214
245 12 181
247 12 177
248 12 192
252 12 188
253 12 150
255 12 183
257 12 172
263 12 187
265 12 183
267 12 154
268 12 179
269 12 150
270 12 161
273 12 185
275 12 165
276 12 172
281 12 161
286 12 144
290 12 158
292 12 146
294 12 155
296 12 181
300 12 146
303 12 134
305 12 152
308 12 134
310 12 144
315 12 128
316 12 143
323 12 136
324 12 133
326 12 117
329 12 126
331 12 138
332 12 105
333 12 132
337 12 140
339 12 139
345 12 142
346 12 135
350 12 128
351 12 128
355 12 120
356 12 97
357 12 133
358 12 136
361 12 132
364 12 116
365 12 138
366 12 104
367 12 121
368 12 110
370 12 114
371 12 122
378 12 117
379 12 98
381 12 113
382 12 106
387 12 107
390 12 98
398 12 86
401 12 90
404 12 82
414 12 93
418 12 86
419 12 59
420 12 88
421 12 89
422 12 75
425 12 71
431 12 82
434 12 57
435 12 77
442 12 60
443 12 64
447 12 54
451 12 65
453 12 62
454 12 46
456 12 64
457 12 49
458 12 43
464 12 43
467 12 34
474 12 43
481 12 24
484 12 20
485 12 28
492 12 14
0 13 308
3 13 275
4 13 302
5 13 306
6 13 329
9 13 294
10 13 262
12 13 265
14 13 287
15 13 311
16 13 297
17 13 290
18 13 283
19 13 305
20 13 290
22 13 317
23 13 270
26 13 270
29 13 283
31 13 271
32 13 282
34 13 263
38 13 284
39 13 276
41 13 298
42 13 275
46 13 320
48 13 256
49 13 254
51 13 290
54 13 265
55 13 261
56 13 289
57 13 262
59 13 297
60 13 249
61 13 289
62 13 283
63 13 276
65 13 290
68 13 271
69 13 254
71 13 253
72 13 299
73 13 271
74 13 237
76 13 247
78 13 272
82 13 263
83 13 267
85 13 241
86 13 297
88 13 251
91 13 257
92 13 274
93 13 269
94 13 247
96 13 238
98 13 254
99 13 263
100 13 235
101 13 244
102 13 234
103 13 275
104 13 257
107 13 246
109 13 250
110 13 261
111 13 248
114 13 264
116 13 255
119 13 254
120 13 236
122 13 250
123 13 258
124 13 242
125 13 242
126 13 238
127 13 223
129 13 206
130 13 263
131 13 237
133 13 241
134 13 213
135 13 236
136 13 230
139 13 240
141 13 219
143 13 232
145 13 270
147 13 223
148 13 245
153 13 231
155 13 240
156 13 248
157 13 228
159 13 224
161 13 255
165 13 225
166 13 224
169 13 241
170 13 240
171 13 241
173 13 216
174 13 224
176 13 202
178 13 221
182 13 226
183 13 213
184 13 205
185 13 224
189 13 208
192 13 218
193 13 199
194 13 222
195 13 190
197 13 233
199 13 177
200 13 200
204 13 217
205 13 198
206 13 192
213 13 187
215 13 209
218 13 210
219 13 219
221 13 214
224 13 193
226 13 194
228 13 206
229 13 190
232 13 177
235 13 216
236 13 169
237 13 187
238 13 190
239 13 173
242 13 184
243 13 179
244 13 155
249 13 189
254 13 185
262 13 199
264 13 177
265 13 156
277 13 162
280 13 184
286 13 156
288 13 172
289 13 160
290 13 164
296 13 164
298 13 163
300 13 151
302 13 174
304 13 142
313 13 134
314 13 148
318 13 150
319 13 142
321 13 148
322 13 133
323 13 151
324 13 149
325 13 130
326 13 128
329 13 143
331 13 127
333 13 129
336 13 123
338 13 132
343 13 118
347 13 129
349 13 120
350 13 140
354 13 121
355 13 130
362 13 122
365 13 116
366 13 117
367 13 96
368 13 115
369 13 107
370 13 115
372 13 110
374 13 122
383 13 106
384 13 102
387 13 97
392 13 97
398 13 89
400 13 79
402 13 79
404 13 93
407 13 81
409 13 104
410 13 87
415 13 83
417 13 104
419 13 91
421 13 80
424 13 87
433 13 77
438 13 61
442 13 69
445 13 55
448 13 52
455 13 51
456 13 52
460 13 51
465 13 39
470 13 35
472 13 36
479 13 24
483 13 27
485 13 25
487 13 21
0 14 280
1 14 263
2 14 306
3 14 289
4 14 270
5 14 316
6 14 267
9 14 308
10 14 288
11 14 260
13 14 289
15 14 278
18 14 286
20 14 317
21 14 294
22 14 275
23 14 276
24 14 287
25 14 305
27 14 256
28 14 275
29 14 281
31 14 298
33 14 269
34 14 271
37 14 277
39 14 274
40 14 301
41 14 276
43 14 308
46 14 263
49 14 278
50 14 299
51 14 240
52 14 275
53 14 273
54 14 267
56 14 266
58 14 278
59 14 285
63 14 264
66 14 240
67 14 256
68 14 263
70 14 294
72 14 274
73 14 262
74 14 251
76 14 278
81 14 241
83 14 256
84 14 269
85 14 275
87 14 250
88 14 289
92 14 252
98 14 241
99 14 272
100 14 249
101 14 245
102 14 265
105 14 233
106 14 282
107 14 252
108 14 257
110 14 265
113 14 268
119 14 265
120 14 262
123 14 248
127 14 250
128 14 253
129 14 250
131 14 254
133 14 225
134 14 257
135 14 249
136 14 256
137 14 257
139 14 221
142 14 261
145 14 225
148 14 221
155 14 259
158 14 211
159 14 211
161 14 207
163 14 226
164 14 214
165 14 254
169 14 237
170 14 222
172 14 211
173 14 214
174 14 229
175 14 197
176 14 233
178 14 239
179 14 242
180 14 239
181 14 212
184 14 231
187 14 234
189 14 210
190 14 181
192 14 212
193 14 220
194 14 212
198 14 194
199 14 214
200 14 205
201 14 223
202 14 213
203 14 200
204 14 188
206 14 166
209 14 210
211 14 175
212 14 202
213 14 210
219 14 229
221 14 192
222 14 190
223 14 213
226 14 180
229 14 198
234 14 164
238 14 186
239 14 210
242 14 194
246 14 180
249 14 177
250 14 163
254 14 192
269 14 161
274 14 178
277 14 186
278 14 182
279 14 178
281 14 167
282 14 148
285 14 148
287 14 153
288 14 166
289 14 164
291 14 133
292 14 145
293 14 152
294 14 143
298 14 148
300 14 165
304 14 150
307 14 154
310 14 122
311 14 153
315 14 170
316 14 139
317 14 144
318 14 144
320 14 143
321 14 148
323 14 141
327 14 149
329 14 139
332 14 142
333 14 140
338 14 130
339 14 123
341 14 121
342 14 123
343 14 127
345 14 147
349 14 122
353 14 105
358 14 120
360 14 118
361 14 108
366 14 121
367 14 127
370 14 103
371 14 138
375 14 111
379 14 95
383 14 108
394 14 100
399 14 106
400 14 91
405 14 100
406 14 84
410 14 86
411 14 93
414 14 89
416 14 88
418 14 86
422 14 74
424 14 54
433 14 73
434 14 69
441 14 62
448 14 52
449 14 54
451 14 58
453 14 52
455 14 50
456 14 48
485 14 28
488 14 30
493 14 11
3 15 304
4 15 336
6 15 313
7 15 319
10 15 315
11 15 330
12 15 287
13 15 336
14 15 301
15 15 289
16 15 321
18 15 287
20 15 310
21 15 271
22 15 269
26 15 301
27 15 306
29 15 313
30 15 292
31 15 274
33 15 300
34 15 282
35 15 308
36 15 267
37 15 282
38 15 255
39 15 306
40 15 249
42 15 284
43 15 260
45 15 304
46 15 255
47 15 258
48 15 287
49 15 325
50 15 274
51 15 299
52 15 308
53 15 282
54 15 276
55 15 275
56 15 277
58 15 287
59 15 262
60 15 282
62 15 280
67 15 250
69 15 291
70 15 263
71 15 272
73 15 279
74 15 284
76 15 269
77 15 281
78 15 277
82 15 273
83 15 245
85 15 249
86 15 245
87 15 248
90 15 272
91 15 253
92 15 260
96 15 277
98 15 287
99 15 262
100 15 265
101 15 263
103 15 240
104 15 253
106 15 264
108 15 278
110 15 260
112 15 240
115 15 245
120 15 270
123 15 246
126 15 258
130 15 251
131 15 238
133 15 253
134 15 232
135 15 260
136 15 246
137 15 263
138 15 251
140 15 241
141 15 244
142 15 245
143 15 234
145 15 235
146 15 240
148 15 239
149 15 246
150 15 194
151 15 243
152 15 219
154 15 248
155 15 232
156 15 210
157 15 227
161 15 216
165 15 210
167 15 215
170 15 201
175 15 204
180 15 226
183 15 235
185 15 223
188 15 191
189 15 199
198 15 221
199 15 210
200 15 205
201 15 193
205 15 205
208 15 196
209 15 193
210 15 190
212 15 218
213 15 206
214 15 180
215 15 166
216 15 209
218 15 190
220 15 208
221 15 199
222 15 189
227 15 192
231 15 177
233 15 168
239 15 204
241 15 183
243 15 176
244 15 203
246 15 183
248 15 183
249 15 204
250 15 168
251 15 175
255 15 183
256 15 186
257 15 161
258 15 176
259 15 155
260 15 202
261 15 180
262 15 174
264 15 155
271 15 162
272 15 171
275 15 179
277 15 188
281 15 153
282 15 159
284 15 137
291 15 132
295 15 141
296 15 146
299 15 151
305 15 155
306 15 144
307 15 148
309 15 153
312 15 143
316 15 141
319 15 134
321 15 118
326 15 139
328 15 150
329 15 141
331 15 128
333 15 144
337 15 127
338 15 118
342 15 113
346 15 115
347 15 110
348 15 124
350 15 149
352 15 131
355 15 105
360 15 109
362 15 128
365 15 95
366 15 102
367 15 118
368 15 113
370 15 117
371 15 110
377 15 98
382 15 97
383 15 102
384 15 115
385 15 93
387 15 105
391 15 92
396 15 91
400 15 91
403 15 91
404 15 88
405 15 83
406 15 83
407 15 91
414 15 74
415 15 81
416 15 81
417 15 87
423 15 84
425 15 74
431 15 76
432 15 69
441 15 58
447 15 63
458 15 41
462 15 42
463 15 39
468 15 34
481 15 31
482 15 30
483 15 30
485 15 33
489 15 19
492 15 19
0 16 306
2 16 298
3 16 310
4 16 280
5 16 304
7 16 272
10 16 291
12 16 300
13 16 244
15 16 298
19 16 300
20 16 312
21 16 280
23 16 280
24 16 316
25 16 283
26 16 316
28 16 307
29 16 301
30 16 251
31 16 291
32 16 278
34 16 278
35 16 252
36 16 272
38 16 287
39 16 283
40 16 263
41 16 265
42 16 298
44 16 294
45 16 272
47 16 285
49 16 280
51 16 265
54 16 274
55 16 288
57 16 274
58 16 307
60 16 271
62 16 228
63 16 258
64 16 262
65 16 269
66 16 262
67 16 274
68 16 269
69 16 241
70 16 287
71 16 273
72 16 284
73 16 265
74 16 257
75 16 306
77 16 239
78 16 258
81 16 250
83 16 284
84 16 279
87 16 264
88 16 288
90 16 254
91 16 269
94 16 240
97 16 257
98 16 278
103 16 236
104 16 232
105 16 251
106 16 254
107 16 261
109 16 240
110 16 268
111 16 260
116 16 233
117 16 238
121 16 267
122 16 253
123 16 228
125 16 251
127 16 228
128 16 251
129 16 223
130 16 251
134 16 242
135 16 238
138 16 253
140 16 235
141 16 254
143 16 227
144 16 222
147 16 203
148 16 230
149 16 234
150 16 241
151 16 233
152 16 233
154 16 225
157 16 226
158 16 221
159 16 247
160 16 225
163 16 225
164 16 243
165 16 218
167 16 217
168 16 205
169 16 219
173 16 225
174 16 255
175 16 208
178 16 217
181 16 227
183 16 219
186 16 204
187 16 211
188 16 228
192 16 225
196 16 186
197 16 204
198 16 216
201 16 215
203 16 176
204 16 218
205 16 214
207 16 198
208 16 199
209 16 201
211 16 225
212 16 199
217 16 182
220 16 159
222 16 197
223 16 204
227 16 182
228 16 175
229 16 210
230 16 184
231 16 184
233 16 166
235 16 177
237 16 162
240 16 204
242 16 173
253 16 174
256 16 156
257 16 178
258 16 166
260 16 196
263 16 178
269 16 152
270 16 174
272 16 176
273 16 169
274 16 170
276 16 172
277 16 174
280 16 177
284 16 160
285 16 169
293 16 153
294 16 162
302 16 191
304 16 169
307 16 160
310 16 139
313 16 171
316 16 150
318 16 125
319 16 133
322 16 119
325 16 116
342 16 129
343 16 138
347 16 120
349 16 113
354 16 123
355 16 107
359 16 115
366 16 113
368 16 119
370 16 103
376 16 109
378 16 130
381 16 116
384 16 112
386 16 91
387 16 93
388 16 108
399 16 85
401 16 107
402 16 91
405 16 85
407 16 98
409 16 101
410 16 82
416 16 87
417 16 79
418 16 68
419 16 85
426 16 70
431 16 86
434 16 74
436 16 72
437 16 68
438 16 64
448 16 51
449 16 56
451 16 52
455 16 49
468 16 40
470 16 46
475 16 39
482 16 28
485 16 25
486 16 29
488 16 17
493 16 28
0 17 275
1 17 286
2 17 303
3 17 292
6 17 302
7 17 283
8 17 276
9 17 303
11 17 278
13 17 313
14 17 297
15 17 303
18 17 276
19 17 296
20 17 311
23 17 269
26 17 292
27 17 244
28 17 246
29 17 293
32 17 272
33 17 309
34 17 296
35 17 314
36 17 348
37 17 300
39 17 295
40 17 306
43 17 296
44 17 302
45 17 284
46 17 291
47 17 252
48 17 288
49 17 267
51 17 267
52 17 300
53 17 276
55 17 246
56 17 238
59 17 263
60 17 263
61 17 289
64 17 265
65 17 293
67 17 261
71 17 285
72 17 272
73 17 261
74 17 267
76 17 261
77 17 250
79 17 241
80 17 236
81 17 254
84 17 255
85 17 263
87 17 277
88 17 257
89 17 248
91 17 284
92 17 262
93 17 239
95 17 271
98 17 258
100 17 288
101 17 285
103 17 240
105 17 243
106 17 254
108 17 234
113 17 258
114 17 256
115 17 253
117 17 259
120 17 252
124 17 250
126 17 240
127 17 245
130 17 232
131 17 231
132 17 207
133 17 240
139 17 268
144 17 221
145 17 240
146 17 235
147 17 253
151 17 230
152 17 220
153 17 218
154 17 197
155 17 219
156 17 216
158 17 226
161 17 231
162 17 221
164 17 222
165 17 199
166 17 222
167 17 206
169 17 225
170 17 220
172 17 228
174 17 244
176 17 230
177 17 225
178 17 235
180 17 190
184 17 227
188 17 219
190 17 215
191 17 209
193 17 196
194 17 200
199 17 198
200 17 203
202 17 198
203 17 202
205 17 214
210 17 202
212 17 223
215 17 193
216 17 192
219 17 167
220 17 197
221 17 184
222 17 213
225 17 204
232 17 215
234 17 159
235 17 177
236 17 170
237 17 196
238 17 181
239 17 190
244 17 186
248 17 179
249 17 176
250 17 162
253 17 188
255 17 184
259 17 171
262 17 168
265 17 156
266 17 172
267 17 179
269 17 174
270 17 168
273 17 139
277 17 159
280 17 180
282 17 142
283 17 173
286 17 172
288 17 170
290 17 158
295 17 152
296 17 160
297 17 155
300 17 147
308 17 131
316 17 112
317 17 147
323 17 134
324 17 148
325 17 133
326 17 158
327 17 130
333 17 112
337 17 127
343 17 113
344 17 145
345 17 127
346 17 132
347 17 134
348 17 162
350 17 138
352 17 124
354 17 118
364 17 102
366 17 103
374 17 119
378 17 109
381 17 106
382 17 89
389 17 109
395 17 85
399 17 88
402 17 107
404 17 88
407 17 94
409 17 89
414 17 76
416 17 86
422 17 78
423 17 70
427 17 76
429 17 80
430 17 47
432 17 64
433 17 86
443 17 71
445 17 59
446 17 47
447 17 70
469 17 35
473 17 38
475 17 44
480 17 34
485 17 27
486 17 26
489 17 12
494 17 16
495 17 14
497 17 10
0 18 317
2 18 281
6 18 300
7 18 297
8 18 289
10 18 296
11 18 293
13 18 291
15 18 290
17 18 265
19 18 302
20 18 272
21 18 273
23 18 257
24 18 289
25 18 296
26 18 302
27 18 281
28 18 289
30 18 273
31 18 271
32 18 289
34 18 265
35 18 291
36 18 280
38 18 293
40 18 285
43 18 294
46 18 265
48 18 271
49 18 266
50 18 289
52 18 274
53 18 266
54 18 277
55 18 297
56 18 292
57 18 295
58 18 261
59 18 280
60 18 306
61 18 292
62 18 273
63 18 262
64 18 283
67 18 270
68 18 284
69 18 266
72 18 277
75 18 294
77 18 213
80 18 267
81 18 253
82 18 234
83 18 255
85 18 288
86 18 263
96 18 241
97 18 281
98 18 260
99 18 271
101 18 231
102 18 251
103 18 263
104 18 234
105 18 256
106 18 247
108 18 244
109 18 253
113 18 301
114 18 294
115 18 257
116 18 258
118 18 234
121 18 232
124 18 254
128 18 249
129 18 251
131 18 244
134 18 284
136 18 247
137 18 215
141 18 260
146 18 206
151 18 247
152 18 241
153 18 229
154 18 254
155 18 227
158 18 239
159 18 213
160 18 202
162 18 242
163 18 246
164 18 211
166 18 248
168 18 216
171 18 221
173 18 203
176 18 244
177 18 227
178 18 215
183 18 228
184 18 215
186 18 223
188 18 249
189 18 228
192 18 214
193 18 215
194 18 212
196 18 223
199 18 189
200 18 202
203 18 202
205 18 200
207 18 213
212 18 216
214 18 198
215 18 200
216 18 194
217 18 184
220 18 208
224 18 191
226 18 196
231 18 190
234 18 193
235 18 183
241 18 189
245 18 184
249 18 156
250 18 190
254 18 157
256 18 164
257 18 152
261 18 177
263 18 169
266 18 182
269 18 183
272 18 148
277 18 161
279 18 158
284 18 172
287 18 153
290 18 148
292 18 160
294 18 179
297 18 164
300 18 164
304 18 152
305 18 159
307 18 153
314 18 142
315 18 165
316 18 136
320 18 147
324 18 133
325 18 162
327 18 145
336 18 143
338 18 144
340 18 137
342 18 135
346 18 129
347 18 121
356 18 115
357 18 114
363 18 118
366 18 104
368 18 115
370 18 124
372 18 97
373 18 115
377 18 121
379 18 108
380 18 122
381 18 92
387 18 100
388 18 100
392 18 95
394 18 88
402 18 102
405 18 91
413 18 90
414 18 82
418 18 93
419 18 90
423 18 72
424 18 72
425 18 81
430 18 62
432 18 77
433 18 70
435 18 67
436 18 76
438 18 62
440 18 71
443 18 49
451 18 69
455 18 52
458 18 55
469 18 41
475 18 40
482 18 28
483 18 24
491 18 30
493 18 22
0 19 328
1 19 275
2 19 316
6 19 293
7 19 291
8 19 296
11 19 280
12 19 280
14 19 289
15 19 301
16 19 307
17 19 275
20 19 238
21 19 248
22 19 303
25 19 296
27 19 287
28 19 337
29 19 293
30 19 308
33 19 238
34 19 280
35 19 258
37 19 286
39 19 278
42 19 298
44 19 270
45 19 273
47 19 300
50 19 249
52 19 287
53 19 271
55 19 298
56 19 260
57 19 298
58 19 275
59 19 260
62 19 251
66 19 282
68 19 280
69 19 265
70 19 271
71 19 281
73 19 264
75 19 250
76 19 282
77 19 277
79 19 241
82 19 285
83 19 239
85 19 281
86 19 260
89 19 236
90 19 233
92 19 262
93 19 254
100 19 260
102 19 224
104 19 259
106 19 262
109 19 220
110 19 248
111 19 260
112 19 245
114 19 247
116 19 262
117 19 245
118 19 254
122 19 238
124 19 270
127 19 239
129 19 242
130 19 214
132 19 230
133 19 229
134 19 238
136 19 238
137 19 247
140 19 225
141 19 255
144 19 245
150 19 228
152 19 207
153 19 224
154 19 258
155 19 217
159 19 236
161 19 192
164 19 201
166 19 231
167 19 215
169 19 235
170 19 236
173 19 231
175 19 195
176 19 236
177 19 206
178 19 220
179 19 229
183 19 201
184 19 212
187 19 213
189 19 237
190 19 209
191 19 184
193 19 198
196 19 192
200 19 189
201 19 212
202 19 200
205 19 185
206 19 178
212 19 202
213 19 204
215 19 186
216 19 203
217 19 210
221 19 212
223 19 181
227 19 192
229 19 206
234 19 187
239 19 205
242 19 178
243 19 179
245 19 200
246 19 187
248 19 161
250 19 177
251 19 180
252 19 188
253 19 193
259 19 170
260 19 173
262 19 157
266 19 192
267 19 185
274 19 164
275 19 153
276 19 163
278 19 197
281 19 160
283 19 175
286 19 146
289 19 170
290 19 156
293 19 164
294 19 132
295 19 162
297 19 146
298 19 171
305 19 140
306 19 144
310 19 157
311 19 138
313 19 147
314 19 169
319 19 145
322 19 147
323 19 152
324 19 129
325 19 141
328 19 145
333 19 131
335 19 122
336 19 122
338 19 130
339 19 127
340 19 114
344 19 118
348 19 107
349 19 130
355 19 125
356 19 130
360 19 108
361 19 107
362 19 109
363 19 126
365 19 122
370 19 121
371 19 112
375 19 129
376 19 114
380 19 118
383 19 111
385 19 94
387 19 85
388 19 111
389 19 114
392 19 108
397 19 88
399 19 103
400 19 99
402 19 88
406 19 92
411 19 97
412 19 80
417 19 86
419 19 64
427 19 78
429 19 92
441 19 60
442 19 70
443 19 72
444 19 58
454 19 51
457 19 51
466 19 32
467 19 31
471 19 36
485 19 29
491 19 8