500 20 909 5 2000
436 183 434 192 254 380 406 463 399 136 390 187 156 46 150 234 348 493 420 400 325 427 464 366 409 102 89 338 493 306 327 200 467 453 206 214 270 326 324 297 207 177 386 343 171 343 400 245 286 439 495 329 190 360 148 449 236 365 403 282 76 490 195 134 193 197 357 338 47 271 13 204 145 316 461 68 236 271 168 305 59 280 238 432 399 177 108 372 320 468 420 278 153 180 153 123 109 213 322 253 15 185 407 179 320 50 146 149 57 291 53 337 196 122 169 387 51 496 219 385 458 391 44 60 419 67 74 166 179 397 200 108 357 497 201 472 377 90 105 358 233 72 482 87 197 71 236 235 38 276 352 351 354 122 213 165 137 45 141 358 367 170 160 299 444 211 32 276 40 92 26 403 365 395 100 198 406 61 315 228 257 91 104 74 118 133 418 234 138 10 492 443 310 113 180 98 349 216 157 10 500 74 299 473 82 456 416 130 338 164 40 316 38 21 10 348 125 430 22 281 168 296 156 78 172 419 184 16 484 298 398 479 466 199 117 123 149 286 410 250 485 422 39 165 460 106 199 84 268 462 425 322 340 268 342 308 58 235 311 325 417 254 116 496 145 69 139 10 295 102 492 483 451 445 148 189 23 266 182 320 427 381 426 19 41 455 112 377 442 262 408 360 100 424 428 176 149 55 23 182 92 296 495 252 157 15 486 227 20 260 204 433 272 247 335 128 453 145 468 46 145 280 149 163 347 314 193 102 322 454 326 93 301 179 66 158 151 345 378 135 141 14 436 293 318 422 445 419 143 234 397 158 188 329 125 35 201 334 487 53 247 401 272 59 352 413 163 107 102 235 108 238 465 12 470 361 60 161 483 241 257 54 489 178 207 495 188 109 293 43 487 106 469 129 208 61 174 48 166 272 213 353 268 118 249 154 197 196 80 52 482 400 53 369 468 382 311 434 313 11 241 315 126 30 430 259 356 229 421 412 270 255 417 228 401 445 152 269 46 131 76 188 437 444 496 119 296 61 246 363 213 31 185 125 243 268 427 289 275 220 229 278 442 81 216 157 343 248 438 435 394 172 374 158 262 64 484 271 321 102 368 199 326 254 38 110 166 250 299 340 20 282 489 22 109 342 248 147 50 468
313 1
2 155
850 2
1 408
4 89
797 2
0 82
3 20
572 1
2 84
959 2
1 454
4 172
740 2
0 186
3 194
126 1
2 73
477 2
1 262
4 443
277 2
0 115
3 30
251 1
2 240
265 2
1 47
4 69
582 2
0 442
3 442
885 1
2 44
193 2
1 95
4 38
284 2
0 90
3 115
866 1
2 484
430 2
1 263
4 364
553 2
0 397
3 202
271 1
2 137
247 2
1 188
4 8
3 0 17
14 0 651
25 0 931
36 0 838
47 0 438
58 0 383
69 0 489
80 0 538
91 0 582
102 0 412
113 0 521
124 0 750
135 0 629
146 0 130
157 0 249
168 0 741
179 0 198
190 0 639
201 0 189
212 0 800
223 0 346
234 0 228
245 0 512
256 0 203
267 0 188
278 0 102
289 0 980
300 0 458
311 0 286
322 0 643
333 0 895
344 0 267
355 0 585
366 0 706
377 0 449
388 0 424
399 0 492
410 0 237
421 0 921
432 0 332
443 0 622
454 0 240
465 0 295
476 0 545
487 0 140
498 0 40
5 1 564
16 1 747
27 1 112
38 1 295
49 1 496
60 1 451
71 1 813
82 1 158
93 1 176
104 1 720
115 1 596
126 1 225
137 1 128
148 1 238
159 1 900
170 1 97
181 1 430
192 1 213
203 1 332
214 1 50
225 1 171
236 1 808
247 1 87
258 1 816
269 1 30
280 1 129
291 1 359
302 1 528
313 1 875
324 1 881
335 1 786
346 1 186
357 1 604
368 1 299
379 1 973
390 1 376
401 1 306
412 1 771
423 1 594
434 1 255
445 1 418
456 1 69
467 1 346
478 1 495
489 1 235
7 2 684
18 2 790
29 2 147
40 2 768
51 2 885
62 2 667
73 2 99
84 2 8
95 2 798
106 2 236
117 2 384
128 2 305
139 2 322
150 2 45
161 2 678
172 2 367
183 2 249
194 2 620
205 2 710
216 2 690
227 2 296
238 2 535
249 2 552
260 2 824
271 2 545
282 2 469
293 2 48
304 2 366
315 2 82
326 2 696
337 2 650
348 2 141
359 2 958
370 2 261
381 2 503
392 2 744
403 2 875
414 2 254
425 2 7
436 2 130
447 2 303
458 2 554
469 2 785
480 2 89
491 2 870
9 3 816
20 3 272
31 3 928
42 3 36
53 3 658
64 3 358
75 3 26
86 3 358
97 3 21
108 3 198
119 3 555
130 3 399
141 3 888
152 3 650
163 3 481
174 3 418
185 3 913
196 3 232
207 3 913
218 3 265
229 3 75
240 3 768
251 3 910
262 3 102
273 3 432
284 3 469
295 3 655
306 3 781
317 3 600
328 3 558
339 3 55
350 3 592
361 3 383
372 3 180
383 3 720
394 3 982
405 3 720
416 3 354
427 3 745
438 3 827
449 3 708
460 3 159
471 3 406
482 3 165
493 3 938
0 4 608
11 4 463
22 4 33
33 4 649
44 4 437
55 4 964
66 4 203
77 4 997
88 4 562
99 4 70
110 4 614
121 4 686
132 4 529
143 4 683
154 4 498
165 4 844
176 4 547
187 4 339
198 4 290
209 4 349
220 4 450
231 4 140
242 4 48
253 4 168
264 4 992
275 4 880
286 4 835
297 4 635
308 4 857
319 4 152
330 4 718
341 4 135
352 4 706
363 4 362
374 4 81
385 4 387
396 4 927
407 4 331
418 4 469
429 4 47
440 4 880
451 4 779
462 4 715
473 4 523
484 4 656
495 4 673
2 5 560
13 5 877
24 5 516
35 5 747
46 5 869
57 5 570
68 5 997
79 5 698
90 5 614
101 5 887
112 5 49
123 5 364
134 5 758
145 5 209
156 5 759
167 5 663
178 5 564
189 5 150
200 5 982
211 5 59
222 5 979
233 5 82
244 5 627
255 5 424
266 5 69
277 5 308
288 5 925
299 5 112
310 5 991
321 5 659
332 5 856
343 5 78
354 5 523
365 5 28
376 5 169
387 5 958
398 5 748
409 5 836
420 5 356
431 5 539
442 5 811
453 5 464
464 5 66
475 5 796
486 5 11
497 5 236
4 6 660
15 6 487
26 6 423
37 6 380
48 6 347
59 6 987
70 6 408
81 6 386
92 6 818
103 6 510
114 6 114
125 6 955
136 6 587
147 6 408
158 6 396
169 6 222
180 6 697
191 6 487
202 6 276
213 6 291
224 6 547
235 6 225
246 6 575
257 6 368
268 6 260
279 6 598
290 6 547
301 6 76
312 6 29
323 6 321
334 6 740
345 6 669
356 6 914
367 6 52
378 6 811
389 6 677
400 6 948
411 6 736
422 6 833
433 6 813
444 6 655
455 6 852
466 6 861
477 6 915
488 6 511
499 6 425
6 7 985
17 7 173
28 7 964
39 7 154
50 7 900
61 7 201
72 7 717
83 7 960
94 7 822
105 7 27
116 7 963
127 7 713
138 7 424
149 7 388
160 7 322
171 7 904
182 7 661
193 7 684
204 7 648
215 7 144
226 7 506
237 7 765
248 7 222
259 7 795
270 7 644
281 7 45
292 7 370
303 7 822
314 7 470
325 7 424
336 7 947
347 7 852
358 7 990
369 7 832
380 7 82
391 7 510
402 7 129
413 7 318
424 7 534
435 7 390
446 7 295
457 7 58
468 7 661
479 7 203
490 7 878
8 8 346
19 8 554
30 8 661
41 8 81
52 8 821
63 8 790
74 8 562
85 8 307
96 8 227
107 8 419
118 8 491
129 8 733
140 8 567
151 8 390
162 8 43
173 8 667
184 8 373
195 8 188
206 8 493
217 8 437
228 8 676
239 8 76
250 8 219
261 8 851
272 8 104
283 8 988
294 8 923
305 8 847
316 8 352
327 8 425
338 8 668
349 8 543
360 8 28
371 8 408
382 8 966
393 8 561
404 8 620
415 8 264
426 8 264
437 8 691
448 8 935
459 8 710
470 8 791
481 8 192
492 8 111
10 9 834
21 9 570
32 9 726
43 9 366
54 9 56
65 9 218
76 9 773
87 9 65
98 9 455
109 9 596
120 9 897
131 9 745
142 9 700
153 9 846
164 9 16
175 9 257
186 9 526
197 9 117
208 9 211
219 9 444
230 9 701
241 9 569
252 9 784
263 9 783
274 9 22
285 9 865
296 9 420
307 9 299
318 9 454
329 9 218
340 9 787
351 9 968
362 9 419
373 9 452
384 9 10
395 9 606
406 9 677
417 9 623
428 9 851
439 9 75
450 9 979
461 9 770
472 9 769
483 9 261
494 9 222
1 10 207
12 10 647
23 10 64
34 10 925
45 10 195
56 10 245
67 10 447
78 10 739
89 10 585
100 10 843
111 10 275
122 10 726
133 10 545
144 10 987
155 10 286
166 10 400
177 10 878
188 10 479
199 10 42
210 10 671
221 10 568
232 10 454
243 10 533
254 10 317
265 10 692
276 10 385
287 10 524
298 10 519
309 10 679
320 10 53
331 10 869
342 10 9
353 10 329
364 10 921
375 10 388
386 10 259
397 10 316
408 10 646
419 10 60
430 10 898
441 10 169
452 10 16
463 10 260
474 10 165
485 10 596
496 10 753
3 11 580
14 11 249
25 11 413
36 11 469
47 11 474
58 11 952
69 11 449
80 11 436
91 11 68
102 11 699
113 11 981
124 11 564
135 11 997
146 11 417
157 11 332
168 11 110
179 11 494
190 11 73
201 11 131
212 11 890
223 11 66
234 11 110
245 11 829
256 11 643
267 11 792
278 11 268
289 11 114
300 11 946
311 11 871
322 11 338
333 11 2
344 11 581
355 11 519
366 11 893
377 11 333
388 11 323
399 11 673
410 11 247
421 11 268
432 11 194
443 11 23
454 11 704
465 11 607
476 11 289
487 11 467
498 11 349
5 12 530
16 12 506
27 12 833
38 12 79
49 12 505
60 12 656
71 12 106
82 12 509
93 12 588
104 12 899
115 12 493
126 12 554
137 12 273
148 12 410
159 12 587
170 12 853
181 12 712
192 12 935
203 12 161
214 12 734
225 12 544
236 12 700
247 12 314
258 12 637
269 12 228
280 12 399
291 12 151
302 12 91
313 12 704
324 12 112
335 12 832
346 12 621
357 12 50
368 12 202
379 12 628
390 12 87
401 12 311
412 12 959
423 12 562
434 12 759
445 12 271
456 12 79
467 12 578
478 12 596
489 12 132
7 13 41
18 13 85
29 13 310
40 13 904
51 13 903
62 13 387
73 13 216
84 13 754
95 13 395
106 13 351
117 13 24
128 13 507
139 13 732
150 13 834
161 13 455
172 13 672
183 13 593
194 13 965
205 13 285
216 13 152
227 13 818
238 13 332
249 13 12
260 13 496
271 13 758
282 13 327
293 13 209
304 13 197
315 13 965
326 13 250
337 13 817
348 13 812
359 13 306
370 13 225
381 13 376
392 13 426
403 13 399
414 13 495
425 13 934
436 13 738
447 13 786
458 13 553
469 13 753
480 13 546
491 13 947
9 14 814
20 14 605
31 14 574
42 14 436
53 14 964
64 14 265
75 14 565
86 14 564
97 14 767
108 14 664
119 14 148
130 14 420
141 14 142
152 14 76
163 14 348
174 14 862
185 14 8
196 14 821
207 14 639
218 14 883
229 14 449
240 14 560
251 14 993
262 14 275
273 14 559
284 14 518
295 14 925
306 14 836
317 14 41
328 14 392
339 14 932
350 14 44
361 14 933
372 14 443
383 14 897
394 14 819
405 14 307
416 14 91
427 14 699
438 14 642
449 14 241
460 14 257
471 14 374
482 14 406
493 14 421
0 15 479
11 15 691
22 15 49
33 15 199
44 15 733
55 15 728
66 15 334
77 15 252
88 15 908
99 15 154
110 15 137
121 15 84
132 15 965
143 15 97
154 15 142
165 15 907
176 15 575
187 15 770
198 15 496
209 15 413
220 15 365
231 15 917
242 15 641
253 15 122
264 15 446
275 15 626
286 15 780
297 15 651
308 15 253
319 15 802
330 15 542
341 15 37
352 15 824
363 15 161
374 15 111
385 15 225
396 15 647
407 15 705
418 15 971
429 15 776
440 15 524
451 15 416
462 15 629
473 15 232
484 15 698
495 15 443
2 16 575
13 16 333
24 16 842
35 16 151
46 16 184
57 16 730
68 16 302
79 16 128
90 16 688
101 16 132
112 16 587
123 16 845
134 16 311
145 16 251
156 16 826
167 16 950
178 16 725
189 16 709
200 16 694
211 16 251
222 16 282
233 16 263
244 16 184
255 16 906
266 16 113
277 16 401
288 16 791
299 16 923
310 16 931
321 16 612
332 16 39
343 16 534
354 16 789
365 16 105
376 16 928
387 16 653
398 16 275
409 16 536
420 16 812
431 16 282
442 16 116
453 16 721
464 16 43
475 16 146
486 16 909
497 16 222
4 17 560
15 17 988
26 17 413
37 17 381
48 17 912
59 17 559
70 17 431
81 17 989
92 17 174
103 17 49
114 17 374
125 17 118
136 17 586
147 17 37
158 17 829
169 17 716
180 17 377
191 17 597
202 17 921
213 17 640
224 17 152
235 17 915
246 17 872
257 17 358
268 17 2
279 17 877
290 17 679
301 17 907
312 17 942
323 17 730
334 17 947
345 17 92
356 17 979
367 17 358
378 17 507
389 17 936
400 17 73
411 17 532
422 17 700
433 17 228
444 17 710
455 17 409
466 17 468
477 17 366
488 17 392
499 17 120
6 18 886
17 18 822
28 18 614
39 18 231
50 18 740
61 18 671
72 18 274
83 18 949
94 18 972
105 18 580
116 18 838
127 18 165
138 18 419
149 18 309
160 18 917
171 18 785
182 18 677
193 18 378
204 18 223
215 18 157
226 18 751
237 18 584
248 18 331
259 18 622
270 18 961
281 18 307
292 18 89
303 18 636
314 18 508
325 18 922
336 18 444
347 18 977
358 18 957
369 18 518
380 18 839
391 18 833
402 18 458
413 18 220
424 18 76
435 18 383
446 18 856
457 18 645
468 18 999
479 18 84
490 18 781
8 19 664
19 19 439
30 19 926
41 19 341
52 19 826
63 19 633
74 19 220
85 19 437
96 19 496
107 19 42
118 19 896
129 19 917
140 19 413
151 19 119
162 19 586
173 19 287
184 19 586
195 19 221
206 19 59
217 19 989
228 19 619
239 19 946
250 19 377
261 19 874
272 19 671
283 19 823
294 19 240
305 19 999
316 19 610
327 19 69
338 19 825
349 19 76
360 19 59
371 19 382
382 19 37
393 19 744
404 19 624
415 19 446
426 19 623
437 19 826
448 19 240
459 19 332
470 19 364
481 19 626
492 19 643