500 20 2261 5 2000
145 400 337 274 82 189 346 33 69 218 273 81 183 123 321 60 228 380 75 97 389 446 82 179 243 331 63 58 83 230 300 458 76 248 233 219 14 173 446 111 147 451 464 224 89 171 293 31 413 135 437 468 259 180 450 499 215 334 205 223 96 238 246 425 100 317 235 350 62 166 341 12 428 154 453 37 339 489 154 427 194 494 425 58 217 194 99 164 390 169 144 144 228 163 159 188 316 419 124 466 226 406 278 191 66 426 366 423 294 38 94 407 240 161 165 222 386 375 283 481 322 37 215 51 82 105 40 231 352 235 113 384 90 408 187 181 499 364 172 273 210 226 260 198 146 437 224 63 452 370 103 416 236 413 295 245 195 196 257 222 146 172 152 60 451 171 315 296 277 54 320 428 376 379 205 294 323 432 296 162 390 126 352 208 133 211 101 248 392 273 455 208 234 244 464 458 177 98 401 486 475 272 208 54 412 440 365 451 116 109 220 320 377 287 69 250 413 47 160 337 28 498 382 290 54 293 318 287 197 383 499 225 351 228 344 440 47 48 389 166 111 250 277 435 241 243 126 453 41 316 343 239 77 121 107 366 199 488 336 108 244 472 389 56 204 217 174 483 256 267 422 104 435 119 87 260 76 439 300 295 380 342 347 254 317 123 205 209 61 60 92 418 289 358 121 244 209 100 144 56 150 438 132 99 36 166 171 71 64 257 456 32 472 203 352 300 275 377 363 161 196 185 395 93 13 96 494 88 222 194 10 319 380 248 219 18 155 245 473 26 19 343 83 74 467 99 273 267 52 297 222 100 291 223 59 313 288 476 440 173 237 127 55 328 315 97 287 174 159 360 395 328 332 441 151 244 83 52 354 377 496 83 340 242 163 88 28 348 68 449 307 434 148 464 233 45 292 282 21 99 493 74 150 442 150 64 132 128 347 393 295 13 376 69 386 201 343 380 203 144 387 84 460 200 321 309 413 193 293 331 29 158 108 150 474 64 370 201 434 402 407 449 302 430 460 354 199 200 63 421 193 98 316 76 326 413 353 179 403 331 347 145 355 154 62 229 24 264 496 201 373 414 37 121 70 493 278 19 293 328 394 333 83 83 148 362 479 385 474 173 389 93 235 72 60 477 417 51 116 253
762 2
1 246
2 226
671 2
2 4
4 281
395 0
349 2
2 75
4 134
640 1
4 217
159 1
0 137
549 1
0 183
690 0
828 1
3 389
250 2
0 153
1 213
951 3
0 82
1 30
4 243
419 2
1 32
2 109
240 1
3 97
848 0
416 1
3 267
401 1
1 360
939 1
4 367
514 0
715 0
467 0
0 0 291
1 0 285
2 0 297
4 0 285
7 0 291
9 0 314
11 0 283
13 0 315
16 0 312
18 0 260
22 0 301
25 0 274
27 0 288
29 0 270
30 0 282
33 0 270
36 0 255
37 0 245
39 0 284
40 0 238
41 0 276
48 0 271
49 0 226
51 0 267
55 0 244
56 0 229
58 0 243
60 0 238
68 0 247
70 0 242
72 0 244
78 0 228
85 0 216
90 0 225
93 0 200
95 0 182
101 0 203
108 0 185
110 0 196
117 0 146
118 0 186
120 0 171
129 0 182
142 0 150
148 0 146
153 0 151
155 0 133
157 0 148
166 0 129
167 0 158
168 0 125
171 0 139
175 0 142
177 0 124
187 0 137
188 0 117
196 0 126
197 0 109
198 0 110
203 0 116
205 0 111
211 0 109
214 0 90
215 0 95
217 0 102
227 0 103
233 0 102
235 0 82
237 0 70
242 0 88
243 0 67
245 0 75
249 0 75
252 0 77
257 0 83
258 0 73
259 0 80
264 0 70
266 0 61
285 0 66
303 0 54
331 0 41
336 0 34
346 0 34
349 0 23
355 0 25
360 0 28
363 0 19
383 0 15
387 0 13
392 0 18
394 0 12
397 0 22
411 0 6
418 0 10
424 0 7
433 0 8
434 0 9
437 0 6
441 0 3
442 0 7
451 0 2
454 0 3
486 0 1
489 0 1
495 0 1
0 1 284
1 1 282
2 1 289
3 1 280
6 1 317
9 1 327
10 1 290
11 1 275
13 1 297
20 1 270
24 1 267
25 1 284
28 1 269
31 1 253
33 1 263
37 1 254
38 1 276
40 1 279
44 1 244
49 1 246
51 1 268
52 1 260
53 1 264
54 1 246
55 1 245
56 1 239
57 1 238
63 1 218
72 1 205
73 1 204
74 1 209
78 1 220
79 1 213
80 1 225
83 1 205
86 1 203
88 1 177
92 1 190
98 1 224
99 1 217
100 1 206
107 1 186
108 1 186
109 1 185
110 1 165
111 1 195
113 1 194
114 1 180
116 1 191
117 1 183
119 1 191
125 1 159
126 1 168
127 1 203
140 1 152
154 1 165
162 1 147
164 1 134
167 1 131
169 1 121
182 1 121
186 1 126
189 1 115
190 1 130
196 1 115
199 1 100
201 1 111
205 1 108
206 1 121
209 1 113
215 1 102
219 1 93
220 1 94
221 1 105
222 1 99
227 1 101
232 1 94
233 1 85
234 1 95
241 1 79
248 1 66
255 1 51
263 1 66
276 1 50
291 1 59
311 1 39
314 1 40
316 1 42
319 1 48
320 1 39
335 1 44
341 1 35
344 1 41
348 1 33
349 1 27
351 1 34
366 1 19
368 1 23
375 1 23
380 1 11
396 1 5
400 1 19
401 1 14
403 1 10
405 1 7
414 1 10
415 1 18
417 1 16
422 1 12
424 1 13
426 1 9
447 1 3
450 1 3
455 1 5
461 1 6
475 1 6
485 1 2
490 1 1
493 1 1
0 2 304
2 2 261
4 2 262
5 2 255
7 2 312
9 2 287
15 2 291
18 2 312
19 2 259
20 2 260
22 2 250
23 2 297
32 2 266
38 2 273
42 2 257
47 2 246
48 2 275
54 2 243
55 2 251
56 2 226
60 2 232
63 2 250
64 2 242
66 2 230
67 2 228
68 2 224
75 2 197
76 2 204
79 2 230
84 2 207
87 2 213
91 2 213
94 2 189
99 2 189
100 2 175
102 2 205
110 2 207
112 2 188
120 2 191
121 2 176
123 2 188
125 2 164
126 2 164
129 2 182
131 2 155
132 2 180
143 2 152
154 2 151
157 2 143
165 2 123
166 2 153
171 2 128
172 2 151
175 2 119
183 2 132
187 2 109
194 2 119
195 2 116
196 2 90
205 2 93
206 2 110
207 2 111
209 2 104
214 2 107
215 2 107
219 2 110
233 2 117
235 2 84
238 2 89
250 2 75
263 2 62
264 2 93
270 2 61
275 2 67
287 2 66
288 2 47
295 2 55
301 2 51
302 2 53
310 2 52
315 2 54
318 2 57
326 2 36
330 2 35
338 2 36
339 2 39
364 2 15
372 2 21
379 2 14
384 2 15
394 2 11
398 2 12
407 2 22
415 2 14
418 2 9
428 2 6
429 2 4
431 2 9
436 2 4
449 2 4
473 2 3
2 3 270
3 3 287
5 3 284
8 3 309
9 3 264
13 3 278
16 3 283
19 3 300
23 3 249
24 3 304
25 3 309
26 3 273
27 3 268
30 3 250
32 3 273
35 3 282
39 3 250
41 3 245
47 3 249
51 3 250
52 3 256
53 3 261
56 3 215
57 3 223
58 3 216
59 3 237
61 3 219
62 3 228
63 3 196
65 3 225
66 3 241
70 3 249
71 3 211
72 3 223
74 3 225
80 3 237
83 3 201
85 3 230
90 3 185
91 3 200
97 3 194
103 3 191
104 3 177
105 3 198
107 3 219
108 3 212
109 3 174
112 3 188
113 3 172
117 3 171
127 3 137
133 3 171
134 3 186
138 3 170
145 3 163
147 3 154
148 3 140
149 3 143
158 3 136
159 3 129
163 3 134
171 3 144
172 3 113
173 3 104
177 3 121
178 3 117
183 3 116
185 3 103
189 3 117
190 3 123
194 3 130
196 3 110
199 3 102
202 3 113
212 3 108
214 3 92
216 3 95
217 3 107
226 3 83
228 3 96
232 3 90
235 3 73
239 3 88
257 3 76
270 3 63
278 3 49
283 3 53
286 3 51
291 3 60
297 3 56
298 3 68
300 3 45
302 3 48
305 3 55
306 3 47
308 3 46
311 3 46
322 3 36
327 3 42
349 3 29
350 3 29
354 3 43
355 3 16
359 3 30
361 3 23
382 3 15
391 3 14
407 3 15
415 3 10
420 3 7
432 3 3
444 3 6
449 3 3
457 3 4
470 3 2
474 3 2
485 3 2
487 3 3
1 4 321
2 4 327
3 4 309
4 4 339
6 4 286
7 4 307
10 4 298
12 4 295
13 4 282
14 4 299
16 4 329
18 4 294
20 4 265
24 4 264
27 4 273
28 4 252
29 4 284
30 4 260
32 4 259
35 4 263
36 4 256
37 4 256
38 4 262
39 4 248
41 4 257
49 4 244
52 4 270
56 4 234
57 4 230
61 4 236
62 4 242
65 4 206
67 4 236
76 4 213
79 4 208
84 4 200
85 4 226
87 4 178
88 4 223
89 4 189
90 4 183
96 4 223
99 4 184
102 4 176
103 4 204
105 4 182
110 4 207
111 4 198
112 4 178
114 4 156
117 4 160
118 4 156
120 4 172
128 4 176
134 4 170
137 4 175
139 4 159
145 4 148
159 4 163
160 4 119
163 4 129
165 4 140
175 4 142
178 4 115
183 4 117
190 4 114
208 4 115
210 4 100
216 4 99
224 4 94
227 4 105
236 4 91
238 4 99
246 4 72
247 4 74
248 4 80
255 4 78
256 4 68
260 4 82
264 4 70
266 4 59
268 4 65
275 4 60
278 4 67
288 4 48
289 4 60
313 4 35
319 4 44
322 4 31
324 4 47
344 4 38
359 4 25
366 4 29
372 4 27
373 4 21
380 4 13
383 4 24
389 4 16
411 4 10
418 4 6
420 4 9
425 4 10
426 4 8
449 4 3
478 4 2
483 4 1
489 4 3
494 4 1
495 4 1
2 5 292
9 5 304
10 5 271
17 5 273
19 5 277
22 5 256
23 5 264
26 5 268
28 5 281
30 5 301
32 5 214
33 5 326
36 5 248
44 5 311
45 5 249
46 5 232
48 5 232
49 5 228
53 5 246
56 5 233
57 5 237
61 5 235
64 5 240
66 5 237
68 5 232
70 5 216
71 5 234
72 5 210
73 5 219
76 5 222
77 5 209
78 5 213
81 5 217
97 5 198
103 5 208
104 5 180
110 5 166
112 5 177
113 5 200
115 5 183
121 5 173
130 5 171
131 5 158
138 5 135
144 5 145
146 5 152
148 5 167
149 5 131
152 5 130
153 5 148
158 5 158
160 5 168
161 5 136
162 5 154
170 5 128
171 5 136
177 5 130
178 5 134
179 5 121
184 5 119
188 5 127
189 5 120
195 5 106
198 5 105
200 5 109
209 5 118
214 5 92
216 5 99
217 5 102
227 5 94
235 5 89
244 5 72
249 5 71
250 5 84
253 5 83
257 5 72
267 5 66
270 5 71
278 5 71
287 5 45
301 5 46
302 5 54
316 5 35
318 5 48
320 5 36
325 5 37
332 5 37
338 5 25
339 5 32
356 5 26
358 5 23
371 5 24
373 5 18
375 5 24
378 5 17
385 5 19
388 5 14
393 5 13
406 5 17
408 5 12
412 5 13
414 5 8
416 5 17
438 5 3
444 5 3
449 5 4
467 5 3
478 5 2
488 5 1
491 5 2
496 5 1
1 6 286
2 6 280
4 6 288
5 6 311
7 6 319
10 6 285
12 6 293
13 6 318
16 6 314
17 6 288
19 6 295
20 6 285
23 6 263
27 6 269
29 6 289
31 6 250
34 6 285
37 6 247
38 6 279
40 6 254
41 6 281
44 6 230
53 6 250
55 6 232
56 6 208
61 6 238
62 6 217
63 6 223
64 6 212
66 6 214
67 6 232
71 6 213
75 6 254
77 6 220
80 6 213
81 6 220
84 6 234
86 6 183
87 6 233
88 6 203
89 6 193
92 6 217
97 6 221
105 6 187
112 6 202
118 6 164
119 6 164
120 6 179
121 6 176
124 6 161
125 6 173
128 6 165
130 6 174
131 6 161
134 6 156
135 6 150
136 6 168
138 6 170
139 6 161
140 6 167
144 6 146
149 6 157
150 6 139
151 6 135
155 6 128
157 6 121
163 6 162
166 6 122
169 6 149
174 6 154
183 6 131
186 6 132
188 6 129
195 6 129
205 6 118
211 6 111
218 6 80
219 6 84
220 6 103
238 6 96
242 6 78
257 6 69
266 6 63
268 6 76
272 6 74
279 6 71
284 6 66
288 6 49
298 6 41
302 6 55
303 6 48
305 6 46
308 6 45
310 6 47
315 6 49
320 6 43
335 6 30
345 6 29
356 6 19
358 6 30
363 6 22
367 6 16
370 6 18
398 6 11
411 6 8
420 6 7
422 6 9
424 6 6
437 6 7
451 6 4
457 6 5
458 6 3
473 6 1
478 6 3
491 6 1
0 7 286
4 7 300
7 7 292
8 7 283
9 7 297
11 7 307
12 7 263
14 7 227
17 7 297
23 7 298
26 7 288
28 7 254
31 7 274
35 7 255
38 7 259
41 7 272
43 7 240
44 7 255
49 7 249
50 7 222
53 7 246
58 7 221
59 7 215
60 7 224
62 7 247
63 7 237
64 7 208
68 7 250
69 7 202
73 7 215
74 7 231
79 7 222
81 7 216
83 7 207
84 7 212
90 7 196
91 7 216
94 7 193
96 7 204
100 7 217
101 7 187
104 7 193
107 7 178
109 7 176
115 7 189
116 7 196
120 7 180
122 7 180
126 7 159
128 7 177
130 7 181
132 7 138
134 7 174
139 7 168
148 7 143
152 7 148
156 7 139
164 7 126
171 7 130
172 7 128
174 7 140
177 7 130
185 7 124
189 7 118
192 7 108
194 7 123
195 7 118
205 7 107
209 7 98
210 7 95
212 7 91
218 7 104
220 7 117
223 7 99
228 7 75
236 7 72
239 7 85
240 7 89
246 7 77
275 7 69
281 7 62
289 7 71
304 7 44
307 7 44
308 7 57
310 7 52
311 7 38
332 7 26
343 7 30
351 7 26
353 7 43
356 7 23
359 7 23
375 7 16
384 7 10
398 7 20
418 7 14
422 7 8
428 7 7
434 7 5
439 7 6
440 7 5
443 7 6
459 7 1
462 7 3
463 7 1
470 7 2
471 7 5
475 7 1
480 7 3
484 7 1
488 7 1
494 7 1
0 8 307
3 8 308
4 8 285
7 8 292
8 8 277
10 8 300
11 8 304
12 8 283
13 8 299
16 8 291
17 8 288
20 8 330
22 8 302
24 8 278
25 8 278
27 8 258
28 8 284
29 8 251
30 8 249
33 8 256
37 8 227
39 8 240
42 8 261
43 8 259
44 8 248
45 8 262
56 8 239
59 8 257
70 8 208
71 8 240
72 8 219
74 8 230
76 8 200
77 8 210
79 8 212
81 8 216
83 8 195
87 8 209
88 8 214
89 8 189
97 8 209
100 8 214
105 8 180
107 8 189
114 8 180
117 8 166
119 8 158
120 8 165
124 8 187
128 8 171
131 8 170
132 8 158
135 8 131
137 8 161
145 8 137
147 8 156
148 8 153
150 8 160
155 8 153
156 8 154
159 8 129
160 8 147
164 8 126
173 8 134
177 8 130
178 8 126
181 8 124
188 8 123
193 8 135
197 8 115
199 8 117
203 8 117
211 8 101
212 8 95
213 8 102
214 8 107
218 8 99
220 8 105
221 8 94
229 8 89
230 8 96
234 8 95
237 8 75
240 8 72
241 8 83
244 8 79
245 8 82
246 8 81
249 8 75
251 8 72
254 8 88
257 8 65
262 8 65
270 8 44
274 8 69
276 8 51
293 8 53
296 8 49
308 8 44
320 8 41
322 8 42
329 8 30
341 8 32
344 8 33
351 8 33
364 8 31
376 8 25
382 8 23
383 8 25
398 8 16
416 8 11
419 8 5
428 8 10
442 8 6
468 8 1
482 8 2
497 8 1
0 9 291
1 9 298
2 9 324
5 9 289
6 9 282
8 9 295
9 9 328
10 9 299
12 9 279
13 9 288
14 9 262
16 9 273
17 9 269
18 9 278
19 9 317
21 9 278
24 9 286
28 9 294
30 9 249
31 9 269
32 9 267
33 9 249
37 9 277
38 9 278
39 9 236
40 9 267
48 9 228
52 9 256
54 9 196
55 9 243
60 9 201
63 9 238
64 9 221
65 9 207
70 9 247
72 9 217
74 9 200
76 9 217
83 9 200
84 9 213
88 9 227
91 9 203
93 9 204
95 9 187
98 9 189
99 9 202
100 9 199
104 9 200
109 9 172
114 9 184
116 9 193
119 9 161
123 9 174
124 9 166
127 9 149
129 9 160
132 9 195
137 9 181
142 9 168
145 9 134
153 9 146
154 9 134
161 9 130
162 9 137
164 9 136
168 9 146
169 9 142
174 9 139
176 9 120
177 9 125
179 9 138
181 9 123
185 9 103
188 9 131
189 9 105
191 9 113
196 9 109
199 9 113
203 9 110
210 9 104
215 9 94
218 9 81
219 9 94
222 9 98
230 9 94
231 9 90
234 9 84
246 9 83
248 9 77
249 9 83
252 9 83
259 9 60
266 9 64
275 9 58
287 9 61
288 9 48
291 9 60
296 9 47
303 9 49
305 9 47
307 9 47
312 9 43
313 9 45
325 9 36
330 9 47
350 9 30
357 9 33
377 9 15
380 9 17
407 9 15
410 9 12
424 9 10
433 9 11
438 9 8
443 9 4
453 9 2
454 9 2
473 9 4
496 9 2
0 10 332
1 10 296
3 10 308
4 10 297
7 10 261
11 10 267
12 10 298
15 10 295
18 10 279
19 10 290
20 10 276
23 10 285
24 10 275
25 10 287
28 10 256
29 10 259
33 10 249
35 10 259
41 10 262
42 10 263
43 10 251
45 10 256
47 10 266
51 10 245
52 10 234
53 10 234
57 10 244
59 10 233
60 10 233
61 10 206
63 10 233
64 10 231
65 10 235
66 10 220
71 10 214
73 10 234
76 10 229
81 10 238
83 10 219
86 10 193
87 10 197
93 10 166
94 10 179
97 10 215
98 10 179
102 10 191
106 10 199
109 10 200
112 10 188
118 10 193
121 10 165
124 10 148
127 10 164
131 10 173
132 10 175
141 10 167
147 10 152
159 10 120
162 10 133
163 10 121
165 10 125
174 10 129
176 10 133
185 10 120
187 10 123
189 10 109
194 10 103
196 10 97
201 10 114
203 10 114
206 10 105
208 10 91
212 10 96
215 10 102
217 10 107
218 10 85
223 10 105
232 10 83
236 10 80
240 10 73
244 10 91
245 10 77
253 10 92
254 10 75
269 10 68
270 10 71
278 10 59
281 10 64
283 10 60
286 10 64
288 10 62
296 10 49
303 10 61
304 10 42
306 10 48
312 10 49
313 10 45
324 10 39
326 10 30
339 10 37
343 10 43
348 10 28
349 10 28
360 10 23
361 10 27
370 10 24
377 10 16
394 10 16
399 10 13
402 10 15
421 10 7
424 10 11
445 10 5
452 10 5
454 10 2
456 10 5
468 10 2
470 10 2
483 10 3
499 10 1
0 11 308
4 11 302
12 11 277
13 11 294
15 11 295
17 11 258
19 11 267
22 11 271
25 11 261
27 11 246
29 11 300
30 11 253
31 11 266
34 11 261
37 11 244
38 11 260
45 11 267
46 11 267
53 11 246
54 11 270
56 11 221
58 11 244
59 11 237
60 11 226
62 11 250
64 11 238
67 11 232
69 11 211
72 11 213
73 11 213
77 11 212
78 11 214
81 11 209
84 11 220
87 11 204
89 11 217
92 11 183
95 11 223
96 11 207
97 11 180
99 11 214
100 11 192
101 11 226
109 11 199
111 11 168
118 11 202
121 11 152
124 11 179
125 11 166
132 11 175
136 11 152
140 11 156
144 11 138
145 11 165
146 11 164
159 11 146
162 11 135
167 11 120
171 11 133
174 11 123
178 11 120
180 11 141
185 11 133
186 11 118
187 11 110
190 11 136
194 11 131
201 11 105
207 11 92
208 11 119
213 11 105
217 11 116
219 11 91
222 11 103
228 11 97
229 11 86
233 11 83
240 11 81
254 11 80
259 11 77
260 11 75
262 11 65
268 11 65
291 11 46
292 11 50
301 11 45
306 11 48
314 11 54
316 11 36
327 11 44
338 11 34
349 11 25
360 11 23
364 11 32
372 11 19
379 11 15
383 11 22
386 11 20
392 11 20
397 11 13
402 11 8
423 11 11
427 11 15
429 11 8
437 11 4
445 11 4
449 11 4
451 11 3
464 11 3
468 11 3
496 11 1
4 12 316
5 12 287
6 12 289
9 12 288
11 12 305
12 12 312
13 12 281
19 12 265
21 12 266
22 12 296
25 12 275
28 12 257
33 12 263
35 12 262
36 12 247
40 12 250
43 12 257
48 12 264
55 12 244
56 12 225
59 12 250
60 12 210
62 12 216
68 12 226
69 12 208
72 12 224
73 12 246
74 12 235
79 12 212
80 12 222
91 12 176
92 12 177
93 12 185
94 12 194
95 12 201
96 12 215
97 12 199
99 12 184
105 12 190
108 12 176
110 12 178
114 12 179
115 12 194
116 12 182
120 12 161
124 12 182
129 12 166
130 12 165
140 12 170
141 12 180
143 12 129
145 12 160
147 12 173
149 12 149
150 12 147
152 12 148
155 12 140
158 12 147
162 12 136
164 12 164
169 12 152
172 12 143
181 12 138
188 12 105
189 12 121
192 12 139
194 12 124
197 12 125
203 12 119
206 12 103
208 12 110
213 12 109
218 12 99
219 12 86
221 12 103
222 12 108
225 12 95
226 12 81
227 12 92
229 12 89
233 12 84
235 12 88
240 12 69
243 12 93
244 12 76
246 12 89
249 12 95
250 12 87
258 12 68
261 12 69
267 12 61
269 12 68
271 12 59
273 12 81
286 12 61
292 12 64
294 12 48
296 12 48
321 12 48
325 12 42
332 12 33
343 12 33
348 12 31
363 12 26
364 12 25
370 12 31
385 12 15
388 12 21
394 12 14
399 12 11
407 12 8
423 12 6
424 12 8
444 12 2
445 12 7
447 12 7
456 12 3
461 12 6
478 12 1
487 12 1
496 12 1
2 13 285
4 13 285
10 13 273
11 13 265
15 13 281
16 13 264
17 13 284
19 13 260
20 13 264
23 13 292
25 13 245
28 13 252
30 13 267
35 13 266
36 13 258
39 13 264
43 13 232
44 13 257
47 13 239
49 13 235
52 13 252
53 13 231
56 13 218
60 13 219
69 13 232
71 13 216
72 13 229
74 13 215
77 13 229
81 13 195
87 13 202
88 13 218
98 13 196
102 13 183
105 13 191
114 13 166
115 13 177
123 13 168
129 13 154
130 13 166
134 13 165
144 13 143
154 13 167
158 13 139
164 13 120
166 13 114
169 13 137
173 13 129
175 13 143
186 13 111
199 13 103
202 13 95
208 13 107
209 13 105
210 13 111
217 13 89
220 13 92
225 13 110
243 13 90
247 13 82
250 13 89
254 13 65
259 13 77
273 13 70
275 13 70
281 13 52
295 13 53
304 13 46
323 13 31
327 13 31
329 13 49
334 13 37
336 13 31
337 13 44
344 13 34
356 13 25
366 13 15
373 13 20
381 13 18
389 13 14
402 13 10
418 13 4
419 13 6
424 13 7
429 13 5
439 13 1
440 13 3
448 13 5
450 13 3
453 13 5
459 13 5
463 13 2
475 13 2
477 13 1
480 13 1
481 13 1
492 13 1
0 14 292
2 14 323
4 14 266
7 14 274
11 14 312
13 14 297
15 14 249
18 14 245
22 14 272
24 14 258
32 14 302
33 14 268
39 14 216
41 14 252
42 14 244
44 14 233
48 14 253
53 14 259
55 14 249
57 14 208
60 14 244
62 14 253
64 14 221
65 14 246
69 14 228
70 14 220
77 14 224
79 14 229
80 14 251
83 14 206
84 14 228
85 14 224
89 14 202
91 14 198
95 14 200
96 14 215
97 14 177
100 14 182
101 14 189
103 14 193
105 14 192
108 14 197
109 14 178
114 14 186
117 14 178
125 14 169
126 14 153
134 14 168
138 14 166
145 14 144
147 14 161
163 14 124
169 14 110
173 14 128
175 14 143
184 14 127
191 14 108
198 14 104
216 14 103
229 14 94
230 14 99
232 14 71
233 14 94
236 14 73
238 14 93
239 14 70
249 14 89
252 14 65
256 14 70
257 14 72
258 14 76
259 14 74
267 14 71
284 14 64
286 14 59
289 14 59
295 14 47
305 14 39
308 14 50
312 14 44
326 14 45
335 14 36
340 14 47
341 14 39
342 14 35
353 14 26
357 14 40
363 14 26
365 14 25
383 14 15
393 14 21
396 14 7
397 14 11
400 14 8
413 14 15
449 14 4
450 14 1
466 14 3
478 14 1
479 14 3
483 14 3
0 15 283
1 15 281
2 15 299
4 15 278
5 15 317
6 15 280
9 15 307
12 15 297
13 15 300
15 15 284
16 15 251
19 15 277
23 15 270
26 15 275
28 15 250
30 15 249
31 15 277
32 15 247
33 15 256
34 15 270
38 15 265
39 15 246
40 15 247
41 15 242
43 15 261
48 15 286
50 15 231
52 15 227
60 15 251
63 15 230
65 15 224
66 15 232
67 15 209
68 15 206
72 15 219
75 15 206
77 15 205
78 15 211
85 15 203
86 15 198
89 15 222
94 15 191
98 15 184
100 15 196
104 15 175
111 15 190
113 15 201
121 15 172
123 15 166
127 15 175
130 15 170
140 15 157
147 15 153
153 15 163
158 15 137
159 15 130
161 15 128
162 15 120
164 15 152
171 15 135
177 15 119
186 15 129
191 15 127
193 15 152
195 15 114
197 15 110
198 15 116
206 15 85
209 15 115
218 15 90
226 15 87
242 15 91
268 15 71
271 15 53
272 15 75
276 15 44
288 15 61
301 15 51
305 15 47
306 15 53
307 15 61
311 15 46
316 15 31
318 15 42
322 15 36
323 15 33
345 15 25
346 15 30
358 15 24
368 15 16
390 15 9
391 15 25
392 15 13
394 15 19
395 15 9
399 15 11
420 15 12
422 15 8
430 15 7
436 15 11
443 15 8
453 15 6
467 15 4
481 15 1
485 15 1
488 15 1
489 15 1
0 16 297
3 16 307
4 16 277
7 16 323
8 16 297
11 16 285
12 16 303
13 16 278
14 16 290
17 16 261
21 16 249
22 16 270
25 16 310
27 16 274
28 16 252
31 16 231
32 16 276
35 16 245
36 16 257
38 16 231
39 16 269
42 16 229
43 16 274
45 16 258
47 16 255
49 16 278
50 16 236
52 16 238
59 16 218
64 16 242
65 16 217
66 16 223
69 16 235
71 16 229
73 16 214
76 16 206
81 16 215
86 16 204
94 16 195
95 16 196
104 16 192
105 16 184
106 16 195
107 16 164
115 16 220
123 16 158
125 16 150
126 16 184
127 16 156
128 16 142
130 16 158
131 16 164
136 16 166
137 16 182
138 16 151
141 16 131
147 16 147
150 16 147
157 16 128
159 16 158
161 16 132
165 16 138
166 16 127
167 16 108
169 16 137
176 16 129
180 16 115
184 16 110
186 16 123
188 16 109
189 16 111
191 16 110
194 16 117
197 16 117
198 16 105
199 16 104
205 16 107
206 16 110
207 16 109
211 16 104
214 16 84
215 16 100
216 16 87
221 16 97
222 16 109
225 16 98
229 16 98
231 16 81
233 16 92
245 16 85
250 16 75
262 16 77
275 16 69
280 16 48
286 16 56
290 16 59
294 16 48
299 16 46
308 16 45
311 16 37
316 16 41
333 16 46
334 16 30
346 16 29
348 16 30
349 16 21
350 16 36
362 16 28
381 16 26
400 16 22
443 16 5
445 16 6
450 16 3
463 16 2
466 16 3
480 16 2
495 16 1
499 16 1
0 17 293
2 17 287
5 17 312
10 17 292
21 17 283
22 17 276
26 17 213
28 17 254
29 17 262
30 17 267
36 17 246
40 17 244
41 17 287
42 17 247
44 17 258
45 17 245
46 17 271
48 17 237
51 17 233
52 17 266
53 17 234
56 17 258
61 17 212
65 17 235
66 17 262
72 17 225
76 17 212
79 17 194
85 17 208
87 17 187
89 17 188
90 17 200
91 17 190
92 17 184
94 17 186
98 17 197
108 17 182
110 17 199
115 17 166
127 17 162
130 17 172
131 17 149
137 17 180
148 17 142
155 17 142
158 17 156
167 17 146
168 17 121
171 17 154
172 17 122
173 17 138
178 17 128
181 17 126
182 17 132
183 17 134
185 17 132
186 17 117
188 17 118
193 17 127
211 17 97
213 17 105
214 17 98
218 17 102
225 17 99
227 17 98
228 17 93
241 17 87
258 17 78
267 17 74
271 17 76
273 17 70
278 17 42
279 17 67
283 17 53
286 17 68
289 17 66
290 17 55
294 17 56
295 17 48
296 17 52
300 17 48
312 17 47
315 17 42
316 17 40
318 17 42
332 17 40
334 17 35
339 17 35
351 17 23
355 17 25
364 17 20
372 17 21
379 17 23
382 17 24
386 17 17
391 17 17
397 17 23
399 17 15
412 17 11
421 17 14
424 17 9
437 17 7
444 17 6
449 17 4
453 17 4
460 17 2
471 17 3
472 17 2
475 17 1
494 17 1
498 17 1
499 17 1
1 18 304
4 18 307
5 18 285
8 18 274
9 18 245
10 18 316
11 18 260
14 18 270
15 18 283
19 18 283
22 18 280
25 18 269
26 18 262
27 18 277
28 18 282
29 18 266
31 18 262
35 18 250
37 18 244
38 18 256
42 18 222
49 18 227
51 18 244
52 18 219
53 18 237
55 18 260
56 18 209
64 18 208
65 18 206
68 18 224
77 18 203
78 18 224
80 18 197
82 18 204
83 18 235
84 18 228
86 18 231
87 18 227
90 18 216
92 18 166
94 18 209
95 18 186
97 18 182
101 18 187
105 18 182
107 18 197
108 18 195
112 18 189
114 18 157
117 18 179
118 18 188
120 18 181
123 18 178
126 18 175
131 18 150
133 18 170
134 18 186
135 18 161
136 18 142
140 18 162
141 18 160
145 18 163
146 18 147
150 18 166
157 18 146
161 18 147
162 18 151
167 18 117
168 18 150
170 18 155
173 18 141
179 18 133
182 18 124
183 18 117
190 18 110
192 18 113
197 18 121
199 18 105
200 18 108
209 18 105
219 18 99
221 18 91
222 18 61
224 18 82
225 18 99
230 18 97
232 18 78
234 18 83
235 18 84
242 18 81
247 18 72
248 18 73
251 18 66
263 18 71
280 18 59
285 18 69
287 18 55
288 18 50
290 18 61
291 18 53
299 18 41
301 18 53
312 18 43
313 18 47
316 18 46
317 18 35
318 18 51
329 18 38
334 18 36
339 18 37
348 18 31
349 18 28
351 18 36
352 18 26
357 18 25
361 18 23
365 18 25
367 18 24
368 18 23
369 18 20
374 18 27
381 18 11
384 18 19
416 18 9
431 18 5
440 18 4
442 18 12
448 18 3
459 18 7
496 18 1
498 18 1
0 19 296
6 19 291
7 19 289
8 19 292
10 19 313
14 19 305
27 19 268
30 19 253
32 19 252
40 19 282
41 19 253
42 19 257
43 19 227
44 19 276
45 19 263
47 19 215
48 19 266
52 19 240
61 19 222
62 19 212
64 19 249
65 19 237
67 19 232
72 19 238
77 19 196
78 19 210
80 19 210
82 19 194
88 19 224
90 19 210
103 19 182
104 19 188
105 19 174
107 19 182
109 19 171
112 19 206
113 19 173
115 19 175
117 19 178
119 19 179
120 19 178
121 19 183
123 19 176
124 19 155
125 19 197
128 19 183
132 19 164
137 19 161
138 19 173
141 19 125
142 19 154
144 19 136
146 19 147
154 19 150
155 19 151
159 19 147
162 19 144
163 19 140
165 19 137
170 19 125
171 19 151
175 19 121
177 19 136
188 19 105
191 19 124
194 19 111
197 19 116
198 19 119
204 19 109
208 19 98
209 19 114
210 19 85
211 19 99
222 19 81
230 19 102
232 19 89
235 19 75
247 19 81
252 19 79
268 19 68
270 19 71
271 19 76
273 19 61
277 19 62
289 19 54
290 19 50
294 19 43
297 19 57
300 19 58
320 19 37
324 19 44
327 19 51
344 19 33
373 19 23
377 19 21
380 19 12
388 19 15
406 19 16
415 19 9
423 19 14
427 19 9
434 19 9
435 19 5
440 19 5
441 19 6
443 19 4
445 19 2
455 19 4
457 19 4
458 19 4
468 19 3
474 19 3
480 19 2
494 19 1
499 19 1