500 20 909 5 2000
186 490 405 119 299 488 142 80 239 80 288 247 143 268 105 260 81 377 462 472 173 358 101 164 228 144 414 309 297 59 351 116 435 330 16 157 140 89 424 115 429 36 70 381 332 470 490 333 140 276 120 445 10 103 231 104 10 149 424 164 81 61 166 162 101 184 72 407 209 46 238 138 196 309 202 413 324 55 221 395 199 275 295 318 437 111 353 298 285 57 207 102 272 331 174 350 46 310 319 88 14 352 309 285 234 431 370 296 456 310 181 301 496 37 316 324 422 425 498 153 15 260 446 449 391 322 313 78 398 412 121 308 27 228 466 184 277 165 421 325 17 435 459 319 466 173 141 287 436 461 80 322 345 361 288 266 66 260 85 424 427 379 391 24 356 416 440 367 127 272 382 72 40 243 302 67 489 264 403 453 74 68 377 90 321 250 164 142 181 203 175 23 128 173 152 450 268 114 416 496 202 344 62 360 36 183 78 199 321 346 487 88 288 334 341 157 186 251 472 249 397 38 197 142 179 37 262 386 238 255 64 465 379 471 31 358 445 159 435 344 215 249 301 272 325 456 406 436 388 376 394 247 439 202 210 375 234 308 344 438 270 306 372 436 362 337 70 383 430 446 227 85 135 449 420 193 183 234 50 453 289 441 304 449 205 323 230 389 328 79 245 230 188 139 57 429 385 397 330 184 372 22 367 342 106 385 63 31 245 88 413 311 346 43 93 320 444 259 437 42 206 444 69 119 179 132 457 473 251 476 169 123 32 460 271 459 171 227 276 348 192 82 408 219 195 217 486 299 225 51 497 224 132 255 371 194 350 358 29 221 265 174 271 394 177 49 450 385 165 59 162 76 20 147 144 115 367 324 375 190 156 118 261 445 431 404 175 252 281 279 95 145 240 74 181 314 241 276 344 450 209 61 133 356 493 163 252 340 320 183 153 394 487 389 439 138 67 372 221 298 430 359 43 142 420 152 398 51 447 407 388 162 316 248 188 236 165 247 123 113 132 335 127 69 83 94 209 71 402 219 345 309 14 54 60 348 468 335 234 481 99 191 119 227 477 410 459 65 370 301 317 269 276 42 284 19 249 129 84 307 208 440 319 415 31 203 166 272 321 441 69 168 73 196 419 358 394 483 293 234
294 2
1 272
4 45
451 2
0 160
3 268
483 1
2 86
269 2
1 12
4 237
614 2
0 258
3 445
828 1
2 62
761 2
1 303
4 433
703 2
0 190
3 290
390 1
2 242
554 2
1 251
4 237
605 2
0 262
3 408
560 1
2 128
957 2
1 327
4 460
175 2
0 104
3 54
212 1
2 181
102 2
1 78
4 93
806 2
0 64
3 18
251 1
2 170
222 2
1 176
4 110
257 2
0 255
3 151
8 0 420
19 0 802
30 0 242
41 0 924
52 0 48
63 0 684
74 0 259
85 0 548
96 0 984
107 0 582
118 0 713
129 0 997
140 0 186
151 0 757
162 0 707
173 0 642
184 0 392
195 0 421
206 0 676
217 0 544
228 0 57
239 0 722
250 0 823
261 0 166
272 0 356
283 0 21
294 0 300
305 0 458
316 0 491
327 0 991
338 0 210
349 0 381
360 0 526
371 0 973
382 0 438
393 0 612
404 0 466
415 0 692
426 0 832
437 0 385
448 0 954
459 0 76
470 0 502
481 0 826
492 0 653
10 1 925
21 1 438
32 1 447
43 1 577
54 1 71
65 1 605
76 1 600
87 1 962
98 1 191
109 1 869
120 1 589
131 1 277
142 1 379
153 1 929
164 1 293
175 1 860
186 1 488
197 1 942
208 1 889
219 1 644
230 1 814
241 1 376
252 1 794
263 1 437
274 1 848
285 1 178
296 1 607
307 1 389
318 1 478
329 1 190
340 1 722
351 1 588
362 1 935
373 1 191
384 1 292
395 1 608
406 1 798
417 1 569
428 1 612
439 1 618
450 1 891
461 1 335
472 1 122
483 1 782
494 1 220
1 2 73
12 2 936
23 2 96
34 2 188
45 2 303
56 2 562
67 2 563
78 2 201
89 2 141
100 2 378
111 2 273
122 2 108
133 2 663
144 2 191
155 2 248
166 2 96
177 2 793
188 2 4
199 2 996
210 2 592
221 2 148
232 2 462
243 2 988
254 2 513
265 2 593
276 2 135
287 2 199
298 2 132
309 2 7
320 2 639
331 2 908
342 2 308
353 2 601
364 2 870
375 2 770
386 2 89
397 2 711
408 2 994
419 2 616
430 2 709
441 2 291
452 2 16
463 2 175
474 2 577
485 2 961
496 2 557
3 3 751
14 3 137
25 3 225
36 3 423
47 3 206
58 3 433
69 3 925
80 3 307
91 3 817
102 3 439
113 3 139
124 3 208
135 3 674
146 3 188
157 3 71
168 3 743
179 3 954
190 3 398
201 3 826
212 3 403
223 3 237
234 3 269
245 3 134
256 3 606
267 3 948
278 3 478
289 3 838
300 3 546
311 3 333
322 3 373
333 3 835
344 3 103
355 3 433
366 3 171
377 3 299
388 3 615
399 3 165
410 3 342
421 3 569
432 3 194
443 3 363
454 3 129
465 3 591
476 3 788
487 3 224
498 3 122
5 4 989
16 4 445
27 4 323
38 4 900
49 4 687
60 4 751
71 4 386
82 4 509
93 4 721
104 4 667
115 4 290
126 4 564
137 4 282
148 4 744
159 4 596
170 4 68
181 4 927
192 4 889
203 4 636
214 4 98
225 4 648
236 4 303
247 4 816
258 4 372
269 4 919
280 4 74
291 4 731
302 4 472
313 4 654
324 4 646
335 4 676
346 4 476
357 4 107
368 4 362
379 4 902
390 4 583
401 4 661
412 4 597
423 4 394
434 4 602
445 4 694
456 4 695
467 4 205
478 4 527
489 4 941
7 5 808
18 5 812
29 5 199
40 5 609
51 5 405
62 5 937
73 5 2
84 5 440
95 5 401
106 5 215
117 5 663
128 5 391
139 5 863
150 5 795
161 5 725
172 5 578
183 5 114
194 5 150
205 5 29
216 5 741
227 5 762
238 5 754
249 5 330
260 5 616
271 5 699
282 5 945
293 5 554
304 5 212
315 5 938
326 5 993
337 5 149
348 5 473
359 5 658
370 5 325
381 5 206
392 5 295
403 5 593
414 5 64
425 5 537
436 5 993
447 5 318
458 5 774
469 5 420
480 5 989
491 5 647
9 6 688
20 6 122
31 6 355
42 6 409
53 6 864
64 6 190
75 6 152
86 6 144
97 6 786
108 6 124
119 6 133
130 6 80
141 6 416
152 6 692
163 6 423
174 6 138
185 6 201
196 6 362
207 6 674
218 6 652
229 6 809
240 6 183
251 6 14
262 6 525
273 6 594
284 6 981
295 6 893
306 6 55
317 6 943
328 6 717
339 6 53
350 6 27
361 6 922
372 6 580
383 6 875
394 6 920
405 6 682
416 6 854
427 6 800
438 6 452
449 6 425
460 6 714
471 6 682
482 6 740
493 6 582
0 7 708
11 7 811
22 7 213
33 7 354
44 7 296
55 7 101
66 7 952
77 7 482
88 7 338
99 7 40
110 7 173
121 7 425
132 7 942
143 7 788
154 7 794
165 7 270
176 7 148
187 7 344
198 7 633
209 7 943
220 7 547
231 7 414
242 7 620
253 7 348
264 7 40
275 7 832
286 7 75
297 7 963
308 7 115
319 7 62
330 7 644
341 7 998
352 7 86
363 7 435
374 7 775
385 7 536
396 7 260
407 7 96
418 7 845
429 7 37
440 7 363
451 7 59
462 7 402
473 7 222
484 7 361
495 7 479
2 8 450
13 8 95
24 8 227
35 8 377
46 8 111
57 8 685
68 8 681
79 8 324
90 8 854
101 8 86
112 8 88
123 8 790
134 8 103
145 8 109
156 8 144
167 8 422
178 8 714
189 8 914
200 8 577
211 8 318
222 8 772
233 8 759
244 8 533
255 8 181
266 8 473
277 8 684
288 8 473
299 8 668
310 8 623
321 8 201
332 8 954
343 8 217
354 8 199
365 8 552
376 8 369
387 8 800
398 8 112
409 8 392
420 8 614
431 8 604
442 8 677
453 8 903
464 8 409
475 8 422
486 8 521
497 8 557
4 9 146
15 9 428
26 9 331
37 9 926
48 9 825
59 9 292
70 9 878
81 9 353
92 9 134
103 9 62
114 9 321
125 9 770
136 9 934
147 9 367
158 9 976
169 9 982
180 9 895
191 9 368
202 9 424
213 9 416
224 9 565
235 9 371
246 9 555
257 9 116
268 9 916
279 9 980
290 9 744
301 9 868
312 9 207
323 9 516
334 9 878
345 9 473
356 9 213
367 9 572
378 9 417
389 9 354
400 9 396
411 9 271
422 9 229
433 9 152
444 9 730
455 9 315
466 9 426
477 9 680
488 9 301
499 9 949
6 10 252
17 10 898
28 10 843
39 10 272
50 10 326
61 10 102
72 10 16
83 10 504
94 10 933
105 10 787
116 10 501
127 10 163
138 10 888
149 10 466
160 10 980
171 10 268
182 10 846
193 10 379
204 10 796
215 10 416
226 10 856
237 10 259
248 10 513
259 10 296
270 10 294
281 10 504
292 10 162
303 10 594
314 10 716
325 10 567
336 10 493
347 10 578
358 10 468
369 10 704
380 10 739
391 10 2
402 10 251
413 10 935
424 10 854
435 10 296
446 10 552
457 10 426
468 10 548
479 10 160
490 10 810
8 11 960
19 11 9
30 11 406
41 11 552
52 11 299
63 11 27
74 11 795
85 11 831
96 11 193
107 11 237
118 11 1000
129 11 189
140 11 373
151 11 948
162 11 339
173 11 293
184 11 827
195 11 185
206 11 538
217 11 473
228 11 994
239 11 989
250 11 751
261 11 251
272 11 142
283 11 477
294 11 979
305 11 57
316 11 314
327 11 58
338 11 15
349 11 876
360 11 337
371 11 464
382 11 444
393 11 637
404 11 411
415 11 37
426 11 778
437 11 442
448 11 275
459 11 58
470 11 965
481 11 449
492 11 838
10 12 560
21 12 390
32 12 936
43 12 556
54 12 408
65 12 580
76 12 450
87 12 136
98 12 260
109 12 695
120 12 623
131 12 214
142 12 895
153 12 172
164 12 280
175 12 360
186 12 628
197 12 659
208 12 390
219 12 610
230 12 744
241 12 490
252 12 272
263 12 840
274 12 879
285 12 44
296 12 473
307 12 927
318 12 968
329 12 471
340 12 588
351 12 465
362 12 419
373 12 729
384 12 671
395 12 683
406 12 369
417 12 504
428 12 928
439 12 847
450 12 796
461 12 926
472 12 173
483 12 295
494 12 71
1 13 38
12 13 539
23 13 281
34 13 44
45 13 530
56 13 310
67 13 432
78 13 417
89 13 536
100 13 725
111 13 448
122 13 717
133 13 453
144 13 63
155 13 436
166 13 178
177 13 858
188 13 594
199 13 974
210 13 898
221 13 713
232 13 90
243 13 388
254 13 291
265 13 47
276 13 16
287 13 509
298 13 78
309 13 957
320 13 980
331 13 418
342 13 624
353 13 43
364 13 356
375 13 473
386 13 299
397 13 371
408 13 710
419 13 981
430 13 956
441 13 76
452 13 874
463 13 68
474 13 631
485 13 790
496 13 944
3 14 200
14 14 174
25 14 852
36 14 607
47 14 331
58 14 599
69 14 701
80 14 195
91 14 946
102 14 294
113 14 69
124 14 705
135 14 107
146 14 915
157 14 99
168 14 833
179 14 318
190 14 145
201 14 79
212 14 521
223 14 972
234 14 102
245 14 77
256 14 981
267 14 111
278 14 652
289 14 929
300 14 752
311 14 316
322 14 208
333 14 810
344 14 874
355 14 123
366 14 187
377 14 323
388 14 801
399 14 575
410 14 151
421 14 990
432 14 988
443 14 979
454 14 314
465 14 171
476 14 446
487 14 250
498 14 967
5 15 73
16 15 9
27 15 254
38 15 728
49 15 245
60 15 629
71 15 492
82 15 416
93 15 324
104 15 19
115 15 563
126 15 962
137 15 613
148 15 284
159 15 774
170 15 703
181 15 983
192 15 203
203 15 339
214 15 256
225 15 529
236 15 97
247 15 764
258 15 369
269 15 914
280 15 423
291 15 589
302 15 790
313 15 320
324 15 732
335 15 433
346 15 476
357 15 756
368 15 189
379 15 349
390 15 494
401 15 659
412 15 400
423 15 119
434 15 150
445 15 750
456 15 973
467 15 559
478 15 758
489 15 861
7 16 374
18 16 707
29 16 309
40 16 574
51 16 983
62 16 139
73 16 433
84 16 409
95 16 563
106 16 996
117 16 591
128 16 410
139 16 556
150 16 382
161 16 956
172 16 891
183 16 608
194 16 688
205 16 25
216 16 3
227 16 324
238 16 28
249 16 194
260 16 150
271 16 303
282 16 163
293 16 308
304 16 107
315 16 826
326 16 490
337 16 291
348 16 1
359 16 665
370 16 833
381 16 646
392 16 599
403 16 351
414 16 160
425 16 21
436 16 759
447 16 463
458 16 952
469 16 687
480 16 697
491 16 789
9 17 409
20 17 126
31 17 205
42 17 75
53 17 476
64 17 335
75 17 730
86 17 785
97 17 264
108 17 851
119 17 972
130 17 949
141 17 937
152 17 670
163 17 735
174 17 84
185 17 952
196 17 321
207 17 550
218 17 98
229 17 798
240 17 881
251 17 699
262 17 453
273 17 681
284 17 431
295 17 546
306 17 923
317 17 138
328 17 802
339 17 582
350 17 555
361 17 340
372 17 188
383 17 29
394 17 624
405 17 324
416 17 163
427 17 44
438 17 152
449 17 109
460 17 557
471 17 404
482 17 179
493 17 301
0 18 400
11 18 475
22 18 450
33 18 614
44 18 819
55 18 241
66 18 897
77 18 98
88 18 898
99 18 895
110 18 364
121 18 815
132 18 433
143 18 710
154 18 62
165 18 838
176 18 868
187 18 585
198 18 351
209 18 998
220 18 776
231 18 763
242 18 751
253 18 34
264 18 711
275 18 126
286 18 173
297 18 64
308 18 771
319 18 249
330 18 479
341 18 274
352 18 805
363 18 903
374 18 799
385 18 319
396 18 120
407 18 476
418 18 703
429 18 326
440 18 999
451 18 854
462 18 686
473 18 323
484 18 532
495 18 947
2 19 37
13 19 484
24 19 446
35 19 542
46 19 66
57 19 527
68 19 311
79 19 531
90 19 131
101 19 836
112 19 757
123 19 643
134 19 625
145 19 594
156 19 813
167 19 904
178 19 114
189 19 302
200 19 711
211 19 366
222 19 206
233 19 473
244 19 880
255 19 793
266 19 969
277 19 141
288 19 224
299 19 414
310 19 938
321 19 428
332 19 530
343 19 292
354 19 684
365 19 574
376 19 516
387 19 618
398 19 839
409 19 428
420 19 971
431 19 715
442 19 44
453 19 109
464 19 813
475 19 679
486 19 905
497 19 146