500 20 909 5 2000
67 495 234 467 207 26 415 232 446 371 431 132 376 47 70 360 38 350 174 173 421 496 38 436 382 404 16 291 427 471 433 314 34 178 64 215 382 38 335 67 284 201 85 205 262 360 481 401 263 461 229 199 258 300 447 168 65 27 205 127 119 146 451 304 151 335 97 79 251 62 139 59 13 288 165 353 364 461 115 139 328 429 417 445 105 253 487 350 286 292 318 135 410 184 250 493 129 403 319 232 254 57 94 391 112 488 120 167 369 84 243 182 342 450 454 343 138 254 463 286 424 371 76 434 361 143 22 304 492 465 177 366 230 447 156 51 56 475 126 85 93 150 438 377 185 304 195 70 485 12 182 496 57 218 418 490 378 272 299 15 27 164 372 295 295 395 211 438 176 199 232 424 149 271 476 336 167 281 312 191 218 367 380 231 470 498 117 455 240 92 461 332 102 412 277 498 446 246 357 42 477 403 469 294 470 134 342 269 72 53 368 288 402 496 186 347 279 60 490 226 228 264 228 352 402 264 32 322 300 58 63 303 434 438 477 314 248 144 350 269 169 440 86 86 143 438 420 149 261 402 101 70 484 407 130 70 239 456 258 252 160 91 347 282 430 386 349 144 235 31 229 319 328 189 235 106 233 101 388 463 222 438 393 154 430 401 34 109 12 36 81 67 351 189 386 201 195 64 344 14 103 207 404 201 358 388 404 143 306 99 427 261 146 205 10 420 425 37 345 173 92 468 343 81 408 439 235 452 18 262 90 344 203 280 329 197 363 320 476 65 450 462 38 321 479 241 48 212 42 302 495 356 191 355 424 21 129 340 500 393 455 92 351 159 380 152 23 493 62 369 98 293 339 126 266 156 300 84 187 285 183 280 221 336 459 345 41 484 442 328 11 38 50 35 215 431 487 338 51 202 268 43 473 258 418 123 226 90 227 303 166 118 303 117 158 242 499 413 354 441 261 311 240 330 50 60 329 221 123 62 107 161 381 80 161 400 427 342 178 90 475 195 337 267 379 331 165 281 457 200 489 171 216 340 92 110 496 43 370 131 188 494 153 255 79 438 177 247 100 25 497 463 284 349 96 224 63 117 92 469 411 88 407 457 368 485 346 387 73 139 290 48 304 236 44 286 337 169 186 220
250 2
0 1
3 212
875 1
2 156
383 2
1 382
4 104
368 2
0 310
3 142
342 1
2 265
939 2
1 117
4 239
966 2
0 201
3 244
846 1
2 38
389 2
1 83
4 10
341 2
0 266
3 312
686 1
2 454
342 2
1 222
4 269
791 2
0 121
3 73
913 1
2 52
602 2
1 82
4 60
691 2
0 262
3 424
680 1
2 440
367 2
1 172
4 342
320 2
0 204
3 22
859 1
2 330
2 0 118
13 0 601
24 0 113
35 0 180
46 0 513
57 0 548
68 0 207
79 0 649
90 0 453
101 0 928
112 0 984
123 0 335
134 0 29
145 0 977
156 0 93
167 0 702
178 0 857
189 0 929
200 0 159
211 0 731
222 0 685
233 0 186
244 0 714
255 0 475
266 0 885
277 0 707
288 0 413
299 0 931
310 0 45
321 0 770
332 0 711
343 0 510
354 0 95
365 0 865
376 0 172
387 0 710
398 0 10
409 0 476
420 0 651
431 0 610
442 0 860
453 0 149
464 0 802
475 0 469
486 0 187
497 0 375
4 1 311
15 1 457
26 1 274
37 1 482
48 1 99
59 1 4
70 1 868
81 1 667
92 1 84
103 1 680
114 1 246
125 1 974
136 1 888
147 1 473
158 1 980
169 1 446
180 1 883
191 1 677
202 1 27
213 1 563
224 1 618
235 1 945
246 1 891
257 1 802
268 1 719
279 1 426
290 1 581
301 1 857
312 1 407
323 1 704
334 1 691
345 1 147
356 1 490
367 1 176
378 1 487
389 1 652
400 1 10
411 1 601
422 1 43
433 1 289
444 1 686
455 1 294
466 1 415
477 1 515
488 1 478
499 1 614
6 2 10
17 2 834
28 2 142
39 2 110
50 2 23
61 2 44
72 2 117
83 2 306
94 2 65
105 2 905
116 2 746
127 2 407
138 2 589
149 2 551
160 2 98
171 2 305
182 2 39
193 2 8
204 2 399
215 2 578
226 2 753
237 2 513
248 2 953
259 2 904
270 2 348
281 2 676
292 2 4
303 2 795
314 2 422
325 2 918
336 2 985
347 2 195
358 2 69
369 2 968
380 2 512
391 2 83
402 2 38
413 2 988
424 2 861
435 2 271
446 2 102
457 2 574
468 2 626
479 2 549
490 2 588
8 3 860
19 3 864
30 3 743
41 3 875
52 3 442
63 3 247
74 3 532
85 3 358
96 3 570
107 3 467
118 3 574
129 3 369
140 3 817
151 3 331
162 3 249
173 3 741
184 3 824
195 3 261
206 3 580
217 3 74
228 3 866
239 3 359
250 3 925
261 3 999
272 3 845
283 3 139
294 3 269
305 3 920
316 3 883
327 3 791
338 3 482
349 3 322
360 3 315
371 3 133
382 3 352
393 3 715
404 3 453
415 3 43
426 3 868
437 3 1
448 3 569
459 3 258
470 3 925
481 3 701
492 3 731
10 4 478
21 4 861
32 4 485
43 4 706
54 4 442
65 4 548
76 4 634
87 4 804
98 4 254
109 4 146
120 4 693
131 4 403
142 4 841
153 4 900
164 4 363
175 4 799
186 4 723
197 4 593
208 4 318
219 4 883
230 4 722
241 4 43
252 4 163
263 4 592
274 4 725
285 4 766
296 4 464
307 4 63
318 4 640
329 4 878
340 4 405
351 4 358
362 4 107
373 4 958
384 4 771
395 4 776
406 4 632
417 4 155
428 4 108
439 4 155
450 4 444
461 4 990
472 4 259
483 4 336
494 4 451
1 5 61
12 5 760
23 5 473
34 5 477
45 5 654
56 5 656
67 5 80
78 5 263
89 5 689
100 5 50
111 5 666
122 5 398
133 5 709
144 5 291
155 5 503
166 5 963
177 5 760
188 5 862
199 5 338
210 5 978
221 5 88
232 5 352
243 5 691
254 5 531
265 5 821
276 5 655
287 5 265
298 5 842
309 5 926
320 5 773
331 5 558
342 5 740
353 5 981
364 5 470
375 5 206
386 5 812
397 5 394
408 5 572
419 5 480
430 5 52
441 5 963
452 5 747
463 5 238
474 5 111
485 5 727
496 5 538
3 6 347
14 6 795
25 6 874
36 6 178
47 6 438
58 6 230
69 6 859
80 6 499
91 6 14
102 6 395
113 6 876
124 6 14
135 6 104
146 6 533
157 6 487
168 6 944
179 6 132
190 6 644
201 6 954
212 6 902
223 6 563
234 6 759
245 6 362
256 6 561
267 6 305
278 6 32
289 6 992
300 6 203
311 6 208
322 6 530
333 6 936
344 6 322
355 6 764
366 6 403
377 6 147
388 6 816
399 6 297
410 6 270
421 6 332
432 6 958
443 6 636
454 6 384
465 6 321
476 6 288
487 6 431
498 6 260
5 7 85
16 7 973
27 7 387
38 7 317
49 7 634
60 7 340
71 7 387
82 7 80
93 7 171
104 7 497
115 7 296
126 7 592
137 7 320
148 7 904
159 7 752
170 7 575
181 7 703
192 7 218
203 7 910
214 7 150
225 7 525
236 7 248
247 7 314
258 7 500
269 7 712
280 7 430
291 7 288
302 7 913
313 7 77
324 7 379
335 7 951
346 7 118
357 7 606
368 7 693
379 7 804
390 7 335
401 7 993
412 7 922
423 7 807
434 7 566
445 7 998
456 7 709
467 7 361
478 7 659
489 7 549
7 8 423
18 8 258
29 8 897
40 8 309
51 8 180
62 8 791
73 8 636
84 8 706
95 8 442
106 8 764
117 8 255
128 8 258
139 8 100
150 8 96
161 8 422
172 8 417
183 8 952
194 8 781
205 8 745
216 8 290
227 8 78
238 8 296
249 8 820
260 8 365
271 8 259
282 8 883
293 8 57
304 8 748
315 8 121
326 8 304
337 8 98
348 8 868
359 8 602
370 8 643
381 8 89
392 8 397
403 8 912
414 8 620
425 8 319
436 8 460
447 8 27
458 8 102
469 8 233
480 8 695
491 8 559
9 9 789
20 9 7
31 9 159
42 9 943
53 9 891
64 9 226
75 9 969
86 9 861
97 9 779
108 9 775
119 9 507
130 9 987
141 9 297
152 9 380
163 9 419
174 9 126
185 9 749
196 9 204
207 9 775
218 9 218
229 9 177
240 9 462
251 9 970
262 9 639
273 9 333
284 9 267
295 9 866
306 9 696
317 9 995
328 9 644
339 9 943
350 9 886
361 9 786
372 9 725
383 9 583
394 9 380
405 9 103
416 9 639
427 9 341
438 9 506
449 9 711
460 9 33
471 9 480
482 9 511
493 9 271
0 10 240
11 10 101
22 10 931
33 10 136
44 10 236
55 10 100
66 10 2
77 10 608
88 10 785
99 10 582
110 10 887
121 10 238
132 10 97
143 10 60
154 10 719
165 10 242
176 10 109
187 10 313
198 10 487
209 10 601
220 10 132
231 10 421
242 10 663
253 10 320
264 10 383
275 10 396
286 10 70
297 10 111
308 10 771
319 10 673
330 10 220
341 10 778
352 10 909
363 10 785
374 10 861
385 10 341
396 10 697
407 10 690
418 10 667
429 10 952
440 10 959
451 10 316
462 10 665
473 10 796
484 10 737
495 10 450
2 11 394
13 11 539
24 11 948
35 11 996
46 11 741
57 11 51
68 11 599
79 11 823
90 11 43
101 11 618
112 11 870
123 11 303
134 11 643
145 11 512
156 11 946
167 11 259
178 11 424
189 11 725
200 11 877
211 11 208
222 11 611
233 11 143
244 11 789
255 11 409
266 11 815
277 11 617
288 11 723
299 11 867
310 11 491
321 11 98
332 11 329
343 11 304
354 11 821
365 11 276
376 11 572
387 11 404
398 11 125
409 11 798
420 11 484
431 11 444
442 11 416
453 11 669
464 11 43
475 11 163
486 11 559
497 11 701
4 12 404
15 12 596
26 12 133
37 12 608
48 12 952
59 12 238
70 12 989
81 12 965
92 12 914
103 12 481
114 12 623
125 12 52
136 12 912
147 12 359
158 12 951
169 12 381
180 12 851
191 12 156
202 12 764
213 12 193
224 12 79
235 12 704
246 12 602
257 12 347
268 12 42
279 12 621
290 12 447
301 12 107
312 12 731
323 12 742
334 12 431
345 12 667
356 12 873
367 12 825
378 12 690
389 12 271
400 12 512
411 12 90
422 12 774
433 12 580
444 12 655
455 12 176
466 12 672
477 12 601
488 12 51
499 12 555
6 13 212
17 13 240
28 13 209
39 13 69
50 13 164
61 13 75
72 13 118
83 13 48
94 13 752
105 13 419
116 13 217
127 13 111
138 13 58
149 13 838
160 13 422
171 13 457
182 13 235
193 13 295
204 13 637
215 13 594
226 13 797
237 13 598
248 13 390
259 13 3
270 13 52
281 13 750
292 13 558
303 13 242
314 13 550
325 13 835
336 13 166
347 13 767
358 13 57
369 13 285
380 13 324
391 13 473
402 13 407
413 13 493
424 13 894
435 13 609
446 13 789
457 13 712
468 13 429
479 13 979
490 13 525
8 14 13
19 14 374
30 14 953
41 14 731
52 14 634
63 14 110
74 14 535
85 14 88
96 14 286
107 14 926
118 14 586
129 14 960
140 14 695
151 14 275
162 14 776
173 14 267
184 14 837
195 14 92
206 14 576
217 14 158
228 14 333
239 14 952
250 14 131
261 14 362
272 14 793
283 14 866
294 14 22
305 14 575
316 14 427
327 14 880
338 14 629
349 14 526
360 14 148
371 14 469
382 14 203
393 14 104
404 14 395
415 14 109
426 14 5
437 14 414
448 14 234
459 14 722
470 14 682
481 14 301
492 14 222
10 15 984
21 15 55
32 15 892
43 15 66
54 15 20
65 15 371
76 15 801
87 15 333
98 15 616
109 15 214
120 15 718
131 15 68
142 15 679
153 15 467
164 15 178
175 15 123
186 15 507
197 15 460
208 15 745
219 15 118
230 15 206
241 15 220
252 15 115
263 15 505
274 15 380
285 15 724
296 15 705
307 15 50
318 15 153
329 15 666
340 15 112
351 15 254
362 15 206
373 15 302
384 15 311
395 15 99
406 15 543
417 15 2
428 15 785
439 15 337
450 15 172
461 15 697
472 15 443
483 15 233
494 15 369
1 16 706
12 16 194
23 16 140
34 16 106
45 16 398
56 16 900
67 16 615
78 16 419
89 16 516
100 16 761
111 16 302
122 16 336
133 16 433
144 16 757
155 16 90
166 16 830
177 16 246
188 16 426
199 16 463
210 16 280
221 16 827
232 16 820
243 16 280
254 16 172
265 16 690
276 16 919
287 16 807
298 16 220
309 16 273
320 16 445
331 16 36
342 16 168
353 16 919
364 16 158
375 16 410
386 16 41
397 16 836
408 16 892
419 16 291
430 16 420
441 16 616
452 16 897
463 16 118
474 16 813
485 16 880
496 16 730
3 17 768
14 17 388
25 17 271
36 17 735
47 17 461
58 17 765
69 17 123
80 17 938
91 17 34
102 17 958
113 17 483
124 17 631
135 17 223
146 17 185
157 17 17
168 17 48
179 17 757
190 17 784
201 17 168
212 17 714
223 17 787
234 17 375
245 17 896
256 17 155
267 17 340
278 17 450
289 17 325
300 17 161
311 17 375
322 17 788
333 17 515
344 17 505
355 17 982
366 17 671
377 17 472
388 17 96
399 17 592
410 17 551
421 17 385
432 17 331
443 17 433
454 17 424
465 17 732
476 17 881
487 17 355
498 17 723
5 18 112
16 18 964
27 18 273
38 18 182
49 18 362
60 18 566
71 18 697
82 18 14
93 18 683
104 18 91
115 18 992
126 18 50
137 18 589
148 18 589
159 18 707
170 18 328
181 18 734
192 18 43
203 18 986
214 18 328
225 18 821
236 18 866
247 18 898
258 18 519
269 18 33
280 18 592
291 18 742
302 18 852
313 18 713
324 18 562
335 18 256
346 18 827
357 18 643
368 18 249
379 18 8
390 18 672
401 18 418
412 18 883
423 18 988
434 18 372
445 18 610
456 18 432
467 18 253
478 18 328
489 18 104
7 19 681
18 19 193
29 19 303
40 19 966
51 19 20
62 19 770
73 19 577
84 19 695
95 19 277
106 19 248
117 19 226
128 19 135
139 19 317
150 19 228
161 19 436
172 19 785
183 19 263
194 19 870
205 19 847
216 19 900
227 19 67
238 19 172
249 19 596
260 19 880
271 19 941
282 19 841
293 19 85
304 19 736
315 19 697
326 19 748
337 19 85
348 19 276
359 19 129
370 19 782
381 19 74
392 19 571
403 19 181
414 19 899
425 19 544
436 19 752
447 19 499
458 19 244
469 19 225
480 19 5
491 19 427