1000 100 1000 250 1800
279 428 500 264 84 311 347 23 75 496 12 118 291 121 319 762 665 37 640 69 139 279 755 158 217 779 735 439 77 628 418 147 718 59 33 177 329 258 366 794 743 328 97 422 92 22 770 337 325 397 716 764 544 677 550 648 750 636 720 659 261 608 680 62 505 383 215 360 160 642 18 256 512 729 639 435 301 215 425 395 390 147 599 467 568 89 574 394 64 528 628 30 640 557 675 646 534 791 296 326 309 173 188 11 638 287 51 411 106 4 640 590 731 371 635 286 466 450 206 338 278 249 661 643 532 680 231 506 29 153 24 612 269 492 98 180 626 220 65 94 67 710 136 402 618 168 85 681 713 677 773 726 458 399 666 285 392 785 412 387 167 727 539 31 74 329 605 657 709 425 240 330 374 449 589 221 402 533 552 726 2 698 423 605 35 656 479 668 602 683 59 239 589 235 231 64 51 88 637 380 584 669 289 323 461 539 710 391 608 55 735 788 415 676 475 762 387 580 45 395 252 391 64 86 372 713 273 84 568 152 399 336 226 9 417 336 762 137 687 69 606 630 795 762 420 623 595 102 676 550 684 139 642 771 249 85 741 12 135 671 319 285 659 686 568 643 150 639 579 760 349 410 591 794 272 391 231 20 214 125 99 552 48 501 50 629 422 567 348 339 452 643 792 515 272 279 279 13 425 370 129 496 548 290 242 754 99 173 676 622 468 543 785 774 477 111 83 592 520 429 357 199 533 345 145 423 123 775 536 505 650 158 712 759 423 195 404 182 262 639 663 24 363 40 105 242 608 764 662 512 537 728 453 356 138 375 45 351 740 301 588 193 163 559 309 44 293 487 654 529 545 774 622 178 346 595 638 295 433 101 179 166 800 110 701 403 385 755 286 292 105 183 427 378 771 781 147 640 458 715 454 391 633 524 783 721 746 391 148 507 98 286 124 274 93 305 273 76 770 155 23 546 187 651 291 20 40 85 705 747 2 446 245 779 460 611 422 192 514 516 629 285 366 507 659 690 58 309 193 430 470 506 547 114 669 613 175 477 349 359 715 384 199 351 405 712 195 290 226 140 669 768 132 3 143 457 793 704 746 277 485 690 551 628 362 281 110 88 572 221 784 382 342 669 459 264 241 192 442 577 230 582 440 523 198 134 755 320 258 702 305 377 8 510 686 529 19 177 693 478 516 30 350 210 680 771 349 524 268 797 92 233 499 219 734 721 579 469 233 703 312 553 731 178 229 595 669 164 584 170 512 651 141 237 782 294 624 487 496 464 387 312 516 581 424 443 236 391 269 5 456 558 545 766 488 652 57 502 249 326 649 740 537 538 676 505 430 698 188 761 354 442 346 236 759 32 427 226 412 106 534 29 718 627 195 257 645 629 390 361 764 799 453 771 238 291 569 513 692 481 283 220 145 738 700 358 788 230 120 264 326 333 27 656 554 134 472 292 130 119 607 725 470 502 767 103 276 556 602 673 247 5 698 345 748 245 69 160 48 399 356 138 720 140 401 775 741 562 72 712 591 179 621 657 763 790 391 88 180 659 470 335 573 383 481 400 594 172 346 192 522 280 651 13 170 575 602 518 13 510 554 558 702 590 178 534 535 789 552 310 237 548 334 202 771 14 650 475 49 463 374 764 21 124 291 201 333 349 667 362 609 560 275 612 387 209 38 753 489 18 638 220 349 44 620 674 101 778 731 227 601 459 625 756 53 154 547 228 129 656 333 422 686 724 86 141 706 252 691 373 331 532 112 184 546 794 685 541 487 676 201 765 184 475 236 552 147 198 566 57 339 650 544 396 499 701 166 281 691 504 550 141 481 509 780 457 453 737 154 679 538 460 251 264 753 746 261 263 143 106 729 409 123 450 36 416 618 46 727 65 64 756 251 21 23 240 475 517 602 64 601 586 203 234 4 358 301 26 229 281 414 165 174 206 540 458 387 2 592 159 237 268 473 517 365 583 78 491 647 70 43 261 776 155 207 46 394 431 98 268 577 223 41 224 463 344 247 723 219 412 675 339 598 419 544 476 170 426 641 666 91 166 574 733 605 252 422 86 68 354 633 631 728 11 585 360 187 201 309 281 635 199 69 594 529 56 45 260 362 157 106 170 223 163 15 537 448 56 226 214 247 86 201 242 421 322 190 398 124 273 125 278 44 684 166 308 525 632 353 422 520 617 723 531 107 534 126 460 346 204 208 710 523 195 536 388 317 288 20 799 409 675 222 382 702 255 781 787 427 112 781 12 132 449 17 430 560 363 523 27
3990 2
139 38
219 54
2266 2
18 98
212 357
1707 3
218 80
222 69
26 5
1651 5
85 13
241 19
13 47
197 9
117 68
2678 5
172 55
56 5
44 59
180 89
0 40
3514 5
71 62
187 63
11 75
215 56
135 446
2775 3
188 77
124 10
4 430
2085 6
33 20
85 2
141 22
37 85
45 25
247 316
2953 1
185 78
3320 2
45 23
213 29
3079 4
84 35
88 53
40 28
120 19
3855 3
19 25
219 95
4 438
1253 5
152 66
12 11
84 47
52 25
132 454
3578 1
147 9
3453 2
127 57
100 474
3981 4
245 36
193 7
225 9
149 69
1515 1
208 35
1514 4
134 62
198 57
206 49
234 52
1704 3
111 27
63 81
119 34
3562 4
169 81
13 85
21 42
3 383
3207 4
48 75
160 99
24 61
144 57
3450 5
176 55
148 85
88 47
116 91
39 408
1927 3
105 5
173 1
93 35
1150 2
59 89
67 47
2187 1
123 63
3366 2
76 7
160 5
3713 6
4 100
136 64
60 20
56 23
88 35
93 376
3132 2
21 61
241 62
3703 5
78 56
18 15
122 5
106 88
79 496
3624 5
5 76
45 43
97 11
137 70
1 67
1825 5
131 29
223 100
207 31
39 25
153 334
1887 3
151 37
235 41
83 30
3482 2
190 61
86 38
3332 1
149 16
3471 5
0 16
36 35
172 24
8 56
10 500
2656 2
248 70
154 493
1875 5
229 57
9 19
209 28
225 31
89 90
2514 3
159 50
27 36
199 14
1092 2
156 27
243 352
3625 2
234 9
98 65
3239 4
68 59
24 43
164 33
229 434
3074 4
61 68
189 67
53 53
75 355
1661 4
21 83
13 7
49 70
77 40
1227 4
82 71
190 70
246 66
6 47
3721 5
194 62
62 43
178 6
198 22
50 83
1438 3
132 39
28 8
20 17
1361 2
161 69
153 72
3863 6
187 56
11 5
3 99
39 65
171 75
188 369
3894 1
5 19
1202 1
38 67
2786 3
93 17
77 22
213 79
1657 1
130 62
1309 2
51 57
43 24
3434 2
21 32
67 317
1398 5
167 50
191 65
71 78
35 30
133 393
3156 2
114 50
9 325
1241 4
138 65
26 90
210 62
54 75
3642 2
193 19
41 97
2728 4
214 62
222 13
154 66
190 39
3493 5
232 63
168 98
192 37
152 25
212 55
2269 2
110 89
82 19
1855 2
202 93
68 347
1696 1
12 43
3946 2
102 61
74 15
1065 4
194 69
78 42
30 60
132 336
3837 4
49 47
113 35
121 32
190 429
3018 2
105 44
17 481
2017 3
91 81
51 73
23 4
2180 4
116 86
0 30
100 51
124 469
1393 6
225 74
205 49
229 7
13 34
9 66
165 491
2529 2
177 77
209 9
2347 3
69 4
225 3
237 51
1827 3
158 96
38 19
22 378
1077 2
61 40
197 27
3092 3
171 22
87 96
203 10
3982 4
100 68
192 55
0 74
125 342
1035 5
15 37
223 60
55 95
171 8
247 39
2853 2
81 76
245 32
1885 2
128 94
16 471
2246 2
105 9
197 9
1555 3
76 19
220 64
82 449
2118 3
3 24
87 78
91 71
3954 3
49 66
5 57
205 93
3663 3
150 9
106 56
82 402
3327 1
66 52
1851 4
57 10
169 86
145 37
43 462
3994 5
179 6
107 85
91 58
231 9
131 43
3190 6
113 52
237 11
41 30
161 84
217 84
249 493
1551 2
48 35
12 23
3530 3
150 87
182 20
170 75
3108 5
79 10
51 68
35 2
23 51
87 416
2682 3
219 62
123 8
51 70
3218 6
185 17
169 79
201 88
49 87
133 21
235 497
2263 2
56 72
100 31
3437 2
154 79
122 75
2759 4
158 11
70 7
226 1
54 20
2671 2
58 41
34 28
2087 4
235 46
147 7
187 80
96 479
1556 5
16 4
124 90
20 5
160 80
132 41
2511 3
219 82
183 93
239 100
193 51 696
296 67 777
922 46 391
993 11 768
688 27 48
480 58 968
75 32 568
216 71 997
672 72 980
573 54 318
287 58 224
982 98 932
308 27 156
462 58 756
982 40 997
860 59 412
747 75 391
373 42 203
604 72 724
271 45 281
96 15 284
296 67 597
373 71 344
545 61 442
650 54 248
982 75 483
310 20 917
891 15 183
296 18 523
367 33 755
312 57 383
550 69 513
373 46 824
186 80 96
300 59 317
925 95 654
308 71 549
348 0 625
373 9 316
647 89 302
878 38 897
982 98 841
297 32 285
308 42 23
315 86 478
728 72 201
111 55 968
803 86 646
480 35 302
713 88 589
297 55 244
480 1 802
693 23 294
577 78 176
45 89 662
64 61 530
150 64 634
328 39 83
950 28 572
200 88 914
654 65 14
577 38 808
177 0 103
709 38 966
308 70 959
741 68 150
1 92 878
488 68 604
468 89 357
443 30 462
110 92 154
488 48 955
807 68 21
297 43 97
284 26 645
962 33 574
928 63 294
296 45 542
261 68 43
758 51 225
107 30 381
468 28 561
577 21 915
612 43 659
550 27 994
938 57 342
193 17 393
612 1 578
981 6 316
840 68 145
373 79 983
577 98 225
755 23 681
988 16 8
770 91 983
577 40 294
170 50 670
896 56 273
544 43 365
878 4 843
970 45 949
229 37 669
982 35 879
134 11 498
720 96 21
233 78 906
190 1 111
233 47 564
970 35 480
54 78 456
780 65 413
351 90 342
268 67 747
325 89 956
157 61 500
451 52 623
436 14 949
105 47 907
339 28 873
758 83 597
46 97 497
732 89 139
455 71 531
950 69 618
505 99 11
922 73 960
96 29 310
760 16 579
309 30 901
386 41 515
550 42 327
185 0 724
91 87 808
693 0 218
282 25 776
914 50 910
280 76 94
328 61 251
308 73 627
693 24 897
189 71 480
346 74 226
376 21 416
427 60 774
325 68 490
113 87 834
296 47 185
960 57 698
401 97 5
296 93 734
25 79 146
622 87 580
499 34 732
567 41 741
233 75 254
661 21 200
993 17 664
671 78 466
297 72 35
666 18 518
336 36 21
315 0 633
693 54 654
2 50 35
476 83 104
719 83 504
278 3 530
207 5 215
367 57 208
694 58 228
480 32 452
37 20 779
46 0 812
110 18 246
27 92 488
623 78 123
238 24 459
693 37 475
922 78 91
503 30 920
400 41 481
315 37 41
341 27 346
758 57 134
478 15 346
982 25 445
233 91 443
661 40 478
571 2 578
635 11 419
427 64 808
11 51 767
338 19 798
832 5 275
94 53 338
611 56 343
930 79 632
346 3 270
612 72 277
295 22 389
283 27 642
175 8 294
700 3 415
295 55 598
15 34 126
100 80 297
803 30 886
480 4 489
602 91 632
233 37 623
513 87 526
693 24 434
296 86 295
354 59 890
709 25 855
968 5 851
194 40 526
620 53 908
111 32 835
76 95 145
423 7 869
915 46 528
373 66 193
308 46 317
878 6 684
612 49 170
76 28 661
176 88 214
661 88 289
375 7 245
190 76 597
351 47 205
299 10 562
483 93 542
693 54 549
228 24 23
549 20 242
660 28 295
911 20 355
970 26 728
308 50 362
914 88 932
95 59 602
233 38 763
407 0 752
808 64 528
911 20 165
271 68 579
616 43 878
346 57 997
884 12 806
21 12 375
516 79 786
577 12 638
976 37 649
938 83 496
351 5 796
741 10 587
494 93 112
807 60 315
612 58 896
822 21 258
466 52 370
111 98 935
308 65 284
216 51 747
638 34 441
679 84 635
803 31 806
794 55 539
324 27 179
315 30 941
11 72 174
693 24 861
211 98 90
367 78 367
81 5 515
304 28 267
780 79 705
645 10 987
679 85 950
773 85 758
567 32 918
612 17 71
101 79 617
995 1 66
557 30 897
351 99 816
968 97 882
363 4 572
943 93 346
414 5 352
612 28 823
889 38 896
772 66 237
304 67 892
938 66 334
618 95 944
645 78 743
308 19 563
233 25 834
315 31 285
216 32 644
550 14 6
492 78 903
427 61 831
984 65 854
349 91 612
480 96 787
970 16 361
367 9 311
451 15 424
712 16 99
840 60 971
373 87 603
480 35 30
709 38 195
367 69 346
248 65 370
723 24 737
734 14 102
645 40 229
904 98 710
577 6 628
308 48 42
961 19 298
373 36 189
12 92 26
308 46 481
328 28 418
911 25 576
709 68 441
271 6 626
896 75 961
612 32 550
56 53 319
961 42 439
211 4 661
382 97 523
373 66 820
13 77 121
256 31 488
140 67 403
296 32 988
529 92 776
2 83 114
373 82 885
976 74 588
661 6 54
296 97 639
982 59 555
814 83 78
308 53 950
130 24 422
391 30 148
577 98 544
788 29 478
233 78 30
571 38 151
647 56 162
328 89 272
577 12 311
612 84 412
711 96 979
170 90 781
419 17 86
502 77 997
883 16 389
222 81 236
884 58 174
373 57 702
166 78 673
75 96 296
414 31 349
175 65 818
476 52 952
240 38 12
375 4 747
571 88 164
133 55 820
487 45 76
731 19 385
278 50 543
498 68 424
588 49 319
694 95 933
915 42 507
612 60 302
886 1 169
633 44 855
135 19 190
717 38 8
27 92 251
959 72 223
381 67 731
791 77 40
427 95 54
547 8 594
612 61 175
984 73 413
362 0 970
835 63 397
892 61 969
780 73 195
818 83 642
313 20 351
75 17 165
772 82 35
655 5 322
296 91 926
719 95 361
468 44 348
125 93 832
484 0 358
979 30 577
386 48 199
693 99 926
772 70 706
398 88 61
694 1 945
358 71 864
414 0 212
27 8 562
110 60 479
308 9 146
119 66 257
304 36 945
494 80 533
107 83 196
310 16 424
940 6 355
490 81 438
222 92 489
946 95 492
778 34 111
693 52 2
429 28 446
212 37 678
398 14 211
548 67 229
351 54 810
308 73 1
240 78 124
615 72 196
315 24 138
138 14 59
820 40 661
173 40 683
315 10 935
73 29 157
717 78 412
612 63 969
908 15 247
786 86 466
612 6 290
480 84 312
757 42 245
243 51 414
580 61 742
982 26 793
321 49 352
661 12 576
693 37 939
193 32 500
351 67 407
633 83 302
414 11 230
979 3 647
803 81 966
806 4 165
480 25 354
315 5 205
982 40 512
789 32 853
308 87 985
356 44 369
271 23 151
328 32 753
219 86 103
612 96 692
373 48 213
649 5 783
693 23 295
36 76 859
305 27 958
966 75 747
305 58 354
328 94 402
677 16 381
11 89 394
946 58 501
296 99 152
892 86 892
305 63 517
75 61 209
308 69 611
193 51 369
741 62 177
230 24 559
693 97 623
547 6 690
40 61 238
373 70 241
577 20 828
780 53 759
550 84 743
159 79 743
679 22 55
231 6 103
98 58 885
537 29 400
84 91 217
693 31 903
308 3 6
33 0 549
212 18 592
684 75 978
175 3 297
976 40 438
471 80 466
612 51 844
427 28 47
160 99 655
308 3 521
346 65 599
915 7 681
219 81 808
13 13 712
757 53 385
957 94 661
550 73 792
693 5 732
944 9 641
612 39 564
181 86 660
308 9 864
577 93 590
76 72 760
750 18 368
577 78 422
74 69 762
577 38 610
577 98 417
456 55 622
308 66 245
224 78 336
157 49 360
714 36 882
870 61 474
8 57 732
694 60 316
693 99 771
577 16 515
13 82 687
966 12 950
826 86 705
373 82 618
740 75 630
694 17 396
516 71 506
256 81 988
911 45 656
693 52 772
505 34 450
395 6 264
216 56 907
434 42 317
75 32 897
693 13 367
308 71 632
420 69 482
123 35 968
959 95 587
693 13 236
437 70 153
982 34 253
613 43 784
788 64 285
577 16 706
239 4 668
746 15 55
373 27 604
612 89 869
791 39 125
904 35 157
308 7 872
557 75 622
358 93 89
612 72 655
418 2 479
693 74 287
977 41 669
434 92 431
185 80 715
777 71 865
784 94 184
314 68 247
278 87 146
212 67 854
517 43 949
233 74 602
693 99 789
911 20 356
190 97 458
713 85 138
434 26 453
709 45 351
71 64 965
693 91 260
233 35 227
571 38 551
800 26 856
178 81 551
671 60 616
386 41 522
224 26 428
612 89 560
231 30 830
647 38 106
571 55 181
976 10 43
324 68 935
588 85 863
739 65 318
719 64 752
333 25 617
310 75 166
776 98 107
416 38 442
273 83 314
308 71 513
352 59 181
182 49 595
982 16 516
480 2 211
175 48 232
376 45 694
922 27 608
961 15 562
693 91 264
993 83 70
110 29 412
391 54 757
82 51 471
476 58 830
789 64 126
539 40 905
427 95 21
976 88 546
480 61 705
748 89 471
807 34 46
233 30 751
346 54 831
709 38 442
514 67 138
308 77 727
568 25 189
364 54 948
693 86 350
294 51 944
193 58 129
747 55 283
637 58 698
735 66 707
424 4 683
680 76 417
507 25 987
647 80 857
436 85 434
204 76 323
951 39 862
693 24 788
829 13 238
959 44 624
233 21 919
190 52 521
373 27 432
900 84 541
7 56 519
233 40 586
465 50 212
752 32 161
655 90 980
480 43 249
211 75 866
982 4 972
233 68 712
671 36 963
25 27 507
897 90 356
308 66 952
577 40 938
655 90 634
719 72 231
373 66 690
550 19 601
788 67 32
414 54 239
95 10 494
922 36 697
328 17 602
13 40 440
577 80 540
932 64 52
709 34 178
6 86 921
976 20 626
402 91 125
349 74 648
198 45 395
550 81 284
275 75 794
308 46 415
708 96 295
932 31 342
414 30 379
278 82 292
790 9 382
373 70 423
368 96 391
367 45 627
427 55 796
957 28 874
140 21 580
233 24 478
616 58 422
308 27 906
616 55 534
620 8 102
499 68 485
612 96 890
278 48 125
164 34 462
292 27 870
200 88 688
752 94 365
270 87 821
846 42 200
89 70 117
889 64 138
993 81 138
474 2 838
577 10 393
588 47 857
320 81 145
28 2 684
328 44 375
622 60 134
308 41 659
547 77 491
268 76 390
972 38 359
414 5 475
674 13 581
772 77 492
623 9 889
252 37 600
373 19 6
738 50 401
427 64 888
480 28 402
612 95 45
545 60 473
415 19 112
517 22 826
300 58 846
255 91 108
784 83 941
577 34 328
118 97 798
190 24 419
480 44 467
693 67 475
427 60 88
233 4 863
769 34 302
576 37 34
108 30 925
615 43 15
666 60 360
278 87 247
288 83 283
412 88 191
844 78 554
118 52 239
310 34 845
995 2 895
233 78 582
508 97 488
927 51 101
539 38 922
807 31 512
62 32 458
150 43 63
831 4 68
989 81 390
308 50 486
434 85 658
443 11 304
31 53 2
514 90 95
308 82 532
550 84 94
396 11 312
776 58 714
585 71 893
961 73 67
638 20 548
615 15 755
914 38 592
415 73 632
358 62 425
959 17 717
959 63 159
615 0 762
75 96 637
612 28 731
874 63 809
430 23 457
233 98 442
752 72 943
427 84 805
216 49 448
106 38 185
306 63 613
358 65 395
25 23 160
709 68 148
693 91 992
959 60 993
480 95 978
674 79 954
46 74 62
441 20 719
961 82 24
806 56 794
366 65 404
548 78 370
612 83 832
278 9 221
550 66 600
965 46 623
75 9 971
351 99 98
780 7 75
82 45 993
614 13 454
399 40 281
30 30 48
606 4 682
724 41 586
772 69 969
940 26 263
443 81 865
728 82 428
550 27 796
913 67 969
772 70 202
289 65 141
795 67 789
229 23 63
373 77 506
310 35 921
577 25 586
315 90 706
296 74 986
550 85 498
783 25 241
550 85 978
480 83 385
157 2 367
550 86 589
373 77 394
198 76 539
612 51 738
800 98 406
367 6 678
321 71 449
758 17 479
414 81 236
94 15 825
201 63 565
550 46 151
628 85 278
480 94 16
646 35 292
310 13 487
807 4 833
612 28 839
233 12 904
911 38 793
138 23 970
323 14 902
693 24 427
612 43 101
480 2 637
650 47 168
706 91 761
288 88 815
300 40 650
577 20 723
870 95 383
646 1 937
693 67 466
577 45 810
59 41 934
823 84 837
315 54 265
351 54 285
233 10 118
709 26 58
693 52 497
693 5 363
349 47 454
64 38 144
373 70 563
992 90 545
386 92 730
961 9 408
628 79 298
278 27 345
612 94 498
219 97 268
322 17 732
218 24 330
373 3 325
480 60 739
693 67 291
509 8 763
431 64 719
568 35 574
769 12 219
190 52 432
198 72 778
850 64 840
571 20 37
577 6 445
633 49 269
760 83 225
904 16 958
772 19 931
943 5 173
612 95 694
132 13 366
278 87 378
612 96 488
811 23 789
315 30 189
76 61 868
955 80 217
357 40 354
420 15 901
294 17 238
328 32 962
308 46 20
480 28 882
689 95 797
719 32 51
577 35 548
310 32 135
11 17 941
968 93 932
297 84 616
961 33 582
468 55 76
982 35 325
468 49 532
827 28 94
693 18 799
308 92 699
150 51 602
862 51 499
297 39 839
111 33 52
640 58 78
367 25 592
160 97 822
614 97 290
123 35 502
798 57 592
904 10 719
478 72 252
75 84 650
614 28 146
719 83 34
96 7 67
401 44 734
473 89 926
693 97 879
760 63 883
780 46 319
310 2 401
474 58 272
233 88 985
21 4 851
650 37 43
950 92 936
577 26 528
926 98 817
