1369 379 1984 200 500
52 117 40 488 21 64 143 59 100 64 77 34 441 166 55 81 481 69 470 55 44 92 108 43 34 120 100 166 79 109 141 53 48 126 60 81 132 26 78 56 167 125 39 85 67 53 57 48 36 39 83 62 450 53 44 250 137 33 87 46 48 112 36 451 74 56 115 83 83 75 500 499 107 479 50 65 100 87 92 69 46 54 85 32 90 46 472 83 482 98 50 21 166 102 26 473 46 62 57 72 34 62 81 125 32 495 485 94 27 406 36 57 47 33 94 125 497 71 59 62 72 125 46 50 88 66 52 472 46 55 126 60 50 47 63 59 38 484 57 465 56 41 43 82 65 128 74 44 36 54 33 51 45 62 47 69 41 55 24 138 51 123 62 30 28 57 58 78 83 498 33 60 55 58 125 56 37 487 57 491 474 63 87 430 30 45 69 117 67 71 50 83 65 74 93 63 59 82 83 68 114 35 45 28 25 27 83 68 86 76 464 43 100 106 58 26 83 180 125 77 96 46 72 83 485 138 46 250 45 458 103 55 83 31 460 87 485 45 42 83 150 45 81 118 100 43 74 468 49 64 58 93 470 30 124 42 88 82 56 42 63 166 34 75 88 100 100 57 126 50 108 50 30 50 63 45 36 37 85 83 31 454 457 478 100 57 83 86 250 133 41 84 125 61 41 125 53 55 100 86 97 42 83 48 134 47 38 74 76 467 103 123 83 108 38 74 65 100 74 74 83 115 452 100 438 497 104 103 33 78 45 47 35 125 117 108 39 81 66 125 83 100 104 35 83 58 66 125 44 60 138 93 95 476 54 86 37 46 47 145 41 125 55 58 51 456 474 100 125 91 48 499 75 69 74 76 28 91 47 51 69 36 56 59 489 67 49 500 97 497 113 109 40 73 42 98 41 27 166 70 30 490 44 495 51 67 89 80 116 103 55 78 42 166 104 27 112 29 80 60 99 103 60 32 59 475 24 41 30 100 98 65 57 85 166 63 85 100 467 42 497 83 72 96 78 460 33 118 83 30 59 85 57 98 97 41 111 109 169 92 46 39 81 37 74 90 32 64 477 62 180 40 39 88 76 125 495 56 47 36 97 64 461 70 147 480 84 89 56 45 83 448 28 250 83 52 498 50 33 92 43 54 489 494 81 53 70 100 448 42 83 496 472 33 485 76 75 133 81 69 63 57 67 86 96 74 70 499 56 90 95 465 479 150 53 38 485 65 439 93 31 178 499 74 43 47 37 67 74 481 56 166 52 496 72 469 84 83 31 78 484 90 37 76 40 67 21 77 64 480 35 68 83 51 107 24 50 485 499 482 29 35 128 34 138 45 63 474 56 64 450 29 100 82 56 26 70 30 80 41 47 54 65 84 22 37 29 26 51 57 74 154 476 58 152 65 51 52 492 81 52 44 482 29 147 475 495 66 481 41 91 61 83 110 46 105 166 56 499 59 166 63 49 62 72 482 43 47 31 77 56 41 106 95 87 105 461 99 80 26 105 38 52 83 83 43 481 46 127 55 39 107 43 166 50 100 92 442 46 41 139 50 40 70 79 51 87 434 103 250 87 104 97 103 64 98 31 102 100 476 141 45 115 119 125 47 479 76 54 57 34 60 74 58 23 42 65 51 128 46 100 166 132 41 495 62 112 90 96 79 51 154 32 24 476 63 80 24 59 41 46 125 40 31 47 498 54 44 83 58 36 80 34 90 49 473 496 121 145 100 41 80 98 28 85 147 86 88 115 24 463 74 72 43 174 429 154 42 103 71 130 250 478 479 36 486 123 74 25 476 84 68 109 100 88 86 45 98 28 38 119 495 56 39 27 44 60 74 51 87 55 64 98 91 34 33 100 83 49 83 80 466 143 43 40 66 52 466 104 50 88 96 28 50 142 59 60 175 480 31 478 42 87 83 125 482 90 100 91 47 499 53 45 86 46 83 42 41 30 166 38 89 60 100 89 71 69 49 56 39 83 53 65 102 250 36 44 88 83 73 100 490 42 473 68 49 105 52 166 36 59 70 28 86 100 65 29 92 56 166 31 67 80 62 85 84 53 45 478 73 41 48 31 125 63 50 478 30 108 475 41 65 44 52 70 436 38 90 51 52 77 69 87 58 33 83 108 30 143 26 44 97 486 26 57 49 33 470 59 53 32 44 100 61 68 73 93 53 490 113 486 466 38 32 83 34 56 90 496 78 39 37 423 77 120 54 48 44 23 69 145 94 55 42 85 100 462 80 83 118 94 46 499 472 134 84 45 455 42 26 145 65 47 56 43 57 76 73 26 33 53 25 70 482 166 31 46 482 29 59 482 135 83 50 128 94 54 61 40 83 83 90 73 125 69 49 479 43 55 83 68 100 459 37 493 100 85 31 490 60 100 52 26 95 480 32 72 94 41 434 50 472 23 41 104 461 472 65 83 63 83 50 51 53 105 59 126 77 77 76 479 31 60 28 92 56 42 73 34 41 106 133 56 48 250 33 44 475 72 64 103 80 460 478 35 166 94 472 489 39 45 125 132 487 125 50 60 51 94 45 60 139 51 100 57 430 33 54 250 67 25 87 144 83 61 58 36 95 490 35 38 50 61 99 125 86 60 464 134 500 24 63 100 26 76 23 146 128 482 83 498 77 45 473 32 54 100 65 107 93 28 61 86 73 68 109 467 86 42 50 53 100 484 58 94 493 48 116 86 61 46 51 72 63 69 495 29 94 81 100 125 45 125 101 45 62 80 125 34 61 467 158 71 33 454 29 54 125 55 32 116 250 55 42 30 497 486 474 166 66 33 145 32 62 29 38 465 47 49 61 125 125 62 496 454 98 34 34 484 125 125 32 72 491 83 96 165 46 107 66 133 70 40 426 29 88 48 41 46 108 76 52 37 24 51 63 94 111 488 58 83 27 60 40 72 53 83 86 52 53 73 469 94 250 87 106 48 166 125 55 67 113 117 100 57 439 100 36 123 56 81 493 51 478 29 84 110 49 119 45 57 81 55 56 58 72 93 46 115 24 100 83 64 90 53 34 81 123 84 479 49 474 83 85 58 72 36 66 62 82 166 132 67 55 108 456 485 52 33 66 94 490 45 498 37 57 28 35 36
452 1
59 300
403 1
66 300
497 1
181 300
1579 1
82 151
1369 1
104 299
1515 1
62 246
730 1
88 104
1587 1
115 186
932 1
3 237
1396 1
11 155
480 1
65 300
444 1
72 300
1241 1
98 273
736 1
54 75
1930 1
86 44
1525 1
104 112
450 1
118 300
1710 1
49 175
487 1
139 300
3967 1
18 130
3737 1
59 109
737 1
27 150
1493 1
44 67
1311 1
195 130
3624 1
39 75
1568 1
173 93
1563 1
21 68
470 1
90 300
764 1
43 96
1892 1
2 234
1826 1
54 247
1032 1
97 88
1926 1
17 218
454 1
109 300
447 1
22 300
448 1
32 300
634 1
168 202
414 1
107 300
1557 1
7 204
1509 1
175 49
1469 1
186 45
3476 1
42 124
1711 1
93 126
1754 1
150 115
3881 1
165 75
3998 1
79 152
3469 1
13 194
3342 1
118 87
3863 1
139 187
3373 1
68 161
472 1
10 300
431 1
146 300
3998 1
160 112
497 1
174 300
496 1
196 300
1318 1
127 183
974 1
108 208
1673 1
38 222
484 1
20 300
1007 1
111 135
1663 1
17 70
3452 1
140 89
1540 1
48 161
3837 1
75 65
1552 1
131 35
3743 1
92 95
1361 1
123 271
439 1
113 300
1731 1
156 95
736 1
135 260
1840 1
28 146
1471 1
147 45
3593 1
128 145
406 1
134 300
1683 1
127 216
1341 1
82 43
3411 1
145 198
1875 1
62 22
1552 1
182 258
667 1
56 244
401 1
165 300
786 1
153 215
903 1
57 148
661 1
119 203
3299 1
129 103
3267 1
96 179
758 1
77 178
1693 1
29 33
1894 1
73 288
3377 1
65 147
1295 1
55 210
1469 1
83 193
897 1
132 290
3263 1
188 178
3980 1
5 142
410 1
154 300
3391 1
19 74
1003 1
71 278
1661 1
194 25
1165 1
55 211
637 1
180 172
3946 1
20 190
1213 1
64 280
3727 1
105 127
440 1
114 300
3299 1
122 174
484 1
105 300
3461 1
162 149
444 1
40 300
1618 1
25 124
3331 1
69 95
1612 1
106 212
1521 1
78 205
1220 1
80 65
477 1
166 300
3664 1
138 130
797 1
58 281
3488 1
181 85
1131 1
88 208
695 1
147 101
3754 1
10 107
1283 1
137 42
1112 1
152 146
3988 1
174 110
3419 1
184 97
1854 1
71 286
1335 1
185 234
3429 1
95 127
904 1
197 210
481 1
13 300
493 1
100 300
1263 1
81 242
3339 1
114 144
1472 1
63 165
1798 1
73 256
1310 1
44 74
409 1
124 300
477 1
164 300
3270 1
1 120
1094 1
25 181
3312 1
148 64
432 1
4 300
1275 1
144 297
1680 1
131 59
1566 1
31 228
3677 1
157 86
3358 1
53 148
1050 1
101 185
3274 1
142 175
3807 1
102 111
937 1
80 151
1338 1
115 130
447 1
148 300
660 1
43 37
3552 1
60 62
1640 1
17 237
3281 1
41 76
451 1
95 300
1197 1
35 290
3815 1
172 184
688 1
115 76
3742 1
167 56
430 1
138 300
997 1
104 228
3897 1
125 62
1754 1
26 87
462 1
89 300
1628 1
99 240
1759 1
169 138
619 1
11 267
1543 1
8 92
475 1
60 300
457 1
87 300
1086 1
49 115
1608 1
175 112
426 1
183 300
3887 1
46 180
659 1
15 224
964 1
98 76
1888 1
36 93
798 1
30 227
3520 1
14 71
722 1
117 283
1334 1
110 182
914 1
197 254
3934 1
176 136
819 1
85 106
1449 1
80 209
1965 1
186 187
3971 1
90 169
819 1
8 247
3615 1
164 50
414 1
96 300
3903 1
32 65
496 1
120 300
500 1
75 300
3711 1
170 168
489 1
14 300
3358 1
149 62
1806 1
21 28
1363 1
64 148
3326 1
134 133
3827 1
89 65
408 1
41 300
1896 1
63 222
470 1
145 300
607 1
155 142
487 1
184 300
1000 1
180 208
468 1
121 300
1508 1
144 220
3903 1
116 69
1057 1
130 25
1546 1
70 189
3655 1
159 56
453 1
125 300
3245 1
193 127
3253 1
22 56
464 1
149 300
1391 1
28 26
1890 1
3 73
3346 1
113 142
1460 1
77 117
1770 1
136 21
1631 1
23 174
1277 1
84 146
1528 1
103 277
899 1
11 108
1428 1
30 154
1885 1
67 39
3304 1
143 133
981 1
141 125
454 1
122 300
744 1
57 76
998 1
58 225
3905 1
47 165
491 1
140 300
959 1
189 105
456 1
42 300
1505 1
199 202
455 1
161 300
1600 1
15 240
3436 1
161 59
488 1
92 300
425 1
102 300
3858 1
16 85
1410 1
195 184
464 1
129 300
480 1
160 300
3504 1
120 155
948 1
45 61
1696 1
197 94
403 1
162 300
1413 1
192 91
1943 1
151 46
1378 1
144 107
1904 1
163 249
992 1
45 164
1584 1
51 63
452 1
187 300
433 1
47 300
3747 1
109 174
3737 1
171 76
467 1
19 300
1635 1
24 85
471 1
172 300
479 1
188 300
401 1
50 300
1317 1
178 127
425 1
79 300
1561 1
34 199
450 1
159 300
1910 1
179 195
3579 1
52 52
787 1
67 88
1412 1
74 143
410 1
9 300
1775 1
103 153
442 1
1 300
1723 1
23 112
3405 1
61 65
1031 1
97 223
1040 1
108 260
1505 1
6 230
440 1
116 300
921 1
37 159
402 1
142 300
461 1
126 300
1685 1
191 192
909 1
94 152
3996 1
196 123
435 1
39 300
403 1
157 300
416 1
16 300
1782 1
84 298
440 1
69 300
3917 1
87 169
1768 1
158 110
418 1
5 300
1993 1
88 83
401 1
18 300
903 1
81 255
3970 1
4 184
1240 1
63 54
1693 1
151 195
1541 1
173 99
421 1
0 300
3612 1
107 176
401 1
143 300
1912 1
147 112
459 1
61 300
1165 1
28 82
915 1
6 136
1558 1
33 119
499 1
46 300
1484 1
185 224
969 1
127 168
1391 1
91 51
758 1
7 44
1576 1
198 205
3238 1
154 195
430 1
68 300
792 1
131 21
1806 1
163 162
3459 1
9 79
475 1
193 300
1570 1
58 297
467 1
52 300
1470 1
91 204
3719 1
50 194
1771 1
150 264
1810 1
177 102
1366 1
189 55
3814 1
121 136
1065 1
78 166
3671 1
66 139
1012 1
198 187
1478 1
49 42
4000 1
133 140
1416 1
26 71
3676 1
72 108
417 1
170 300
440 1
176 300
1408 1
130 106
1645 1
130 272
431 1
167 300
1205 1
77 71
3452 1
124 88
3943 1
187 125
3730 1
146 173
1536 1
25 296
1296 1
111 275
3544 1
0 64
498 1
53 300
3870 1
100 55
413 1
112 300
421 1
171 300
500 1
133 300
1478 1
97 109
1727 1
151 233
3669 1
126 56
3782 1
40 180
838 1
26 138
604 1
12 48
3940 1
183 149
952 1
35 104
926 1
190 80
3786 1
166 59
479 1
128 300
1653 1
180 260
3596 1
112 137
782 1
57 162
911 1
106 88
1753 1
76 200
833 1
111 166
1748 1
84 250
1031 1
153 255
1251 1
34 36
1272 1
34 144
1083 376 311
1248 214 990
248 219 817
1302 325 9327
1004 109 474
431 36 1251
977 109 514
1160 169 9921
1013 359 5750
1043 100 583
1068 239 7119
632 87 4928
354 350 674
1069 301 2258
1124 346 766
1250 14 8074
48 204 455
38 259 6666
634 362 883
1188 102 2234
1193 177 1742
110 328 1107
1284 34 5418
19 304 825
555 313 6449
1334 192 7451
923 256 1124
1347 316 862
1287 306 6514
1247 313 612
418 58 7795
1321 171 4651
908 315 8294
517 269 5580
374 1 4952
698 357 6284
477 199 807
1050 363 7924
1109 254 699
767 2 6577
1022 268 5747
441 287 5138
81 313 909
339 179 4349
826 184 724
129 274 1473
1186 308 4669
267 291 6195
261 264 9935
177 120 1512
530 246 2122
341 278 9724
973 378 1739
999 365 666
1219 74 937
549 81 8677
869 206 908
1196 39 533
587 75 4475
1182 113 7579
217 321 6191
104 30 623
814 38 957
378 15 564
16 222 9032
297 337 1267
151 118 1266
296 282 653
67 275 5497
554 265 6017
734 62 9228
1167 355 8058
1221 98 102
1357 213 910
1298 14 3523
1273 4 659
335 357 8729
161 306 8416
705 163 1016
372 104 3210
481 279 1624
1237 339 1491
322 159 1782
195 224 784
1058 8 635
1320 377 750
1224 70 729
735 210 1605
503 118 7461
1319 287 9725
389 330 5670
638 181 1002
548 169 2026
258 332 704
362 165 1042
402 257 1109
717 255 1240
428 81 686
1126 69 589
279 239 3657
1291 143 4511
104 13 534
247 25 4251
281 301 9988
1004 139 792
1226 190 6785
276 109 426
1062 15 275
618 364 1243
1063 253 949
343 346 370
527 167 8604
1311 217 1478
88 153 4983
7 82 1774
672 213 817
1308 197 6079
51 298 3685
647 82 1241
504 195 9210
162 308 6658
52 296 1090
572 275 2202
629 283 709
186 160 2277
463 299 909
1268 128 1349
380 250 2450
1318 321 4534
634 165 600
845 77 9090
683 259 4917
894 83 1168
1149 59 8214
1175 353 9718
1312 215 8445
1017 317 4586
1272 304 512
1353 266 5100
1351 248 6703
214 134 883
310 155 1739
610 215 8336
1162 294 1043
1054 69 5560
1125 198 1222
1253 92 7185
1240 21 4117
118 256 1243
1069 131 1179
952 83 5167
503 299 8987
250 265 7985
884 106 8917
354 139 771
887 22 872
579 280 956
674 240 6474
1307 31 873
1216 147 1692
112 305 854
1194 100 1068
1198 287 8997
141 92 994
69 341 8014
208 16 5454
266 83 7615
977 139 619
1055 255 821
620 283 952
440 281 9326
889 315 670
1344 233 1590
1013 254 6507
925 191 724
520 288 1021
1181 331 255
600 15 475
16 346 4133
512 361 903
839 362 672
1124 222 1788
1273 15 308
1169 0 6271
1055 210 746
1217 289 5885
1004 350 535
1358 56 841
461 182 1029
739 59 891
349 248 9070
498 74 1094
966 226 1645
585 81 1117
270 203 5346
290 257 941
413 186 5062
646 315 1244
1001 42 1349
977 350 500
62 228 1062
532 348 1358
743 277 406
852 141 3925
1332 155 922
383 153 769
105 71 4928
1107 145 628
305 318 1027
983 277 508
624 162 8086
257 16 3370
1136 206 624
285 173 1566
617 144 830
1017 328 9598
113 62 926
937 92 722
919 337 6791
641 334 1676
957 114 7466
393 91 1313
369 203 3668
331 102 1187
405 102 1729
210 230 954
50 87 8778
370 86 1086
563 240 9783
1329 375 485
312 373 6768
940 287 8866
1258 58 5830
194 53 4131
409 238 4429
1261 284 8328
421 342 6559
1031 207 9504
1266 237 619
49 377 545
432 314 6074
1280 373 1642
1033 21 6083
1128 66 1589
596 355 6382
1349 51 4362
182 153 1419
259 167 1078
148 297 747
1065 44 714
1061 74 9480
223 122 950
933 287 3172
124 108 3014
565 286 5025
970 168 1111
1313 63 1386
628 211 1134
129 229 1371
97 190 1145
679 119 953
705 4 1136
746 135 854
285 17 1835
856 82 1206
534 330 757
102 99 1632
713 71 723
808 97 1427
929 332 697
477 26 1295
1003 114 3198
754 265 3916
126 90 1135
284 34 3126
1266 332 671
249 160 1848
460 152 4082
1113 234 6815
426 56 455
1327 9 805
776 166 5657
120 246 1944
599 133 941
1281 30 587
938 11 4834
560 82 9500
947 288 6962
505 100 1007
451 80 4754
733 272 588
727 343 2150
71 188 5057
739 374 885
924 260 3244
1364 317 462
815 346 372
1197 236 4637
968 311 4607
523 113 1708
1080 225 5855
172 170 1734
360 219 529
274 60 1207
807 300 9191
827 151 7767
492 328 909
1195 133 9602
1306 331 1753
717 210 1085
630 175 6131
132 23 1257
135 204 897
506 79 1352
92 264 4582
42 171 7718
962 6 571
1360 260 9911
751 190 1737
272 158 476
997 135 5567
1297 183 1823
727 344 1300
1087 310 6193
196 206 1236
213 34 6654
375 356 4046
1342 87 4870
999 158 420
1047 228 806
1098 259 9931
681 356 3792
31 312 523
908 126 5566
278 141 4540
901 51 7002
427 13 726
594 247 7766
998 313 717
873 108 8193
469 42 1467
974 2 3604
202 143 619
887 135 941
70 88 4812
1157 35 6488
29 33 9158
388 95 7372
144 326 1426
818 97 1385
309 124 1859
599 204 520
623 213 541
642 82 1484
343 222 752
521 28 1314
17 209 9949
613 283 973
1333 293 8075
1237 165 839
764 137 5074
799 372 1112
171 9 1117
1143 37 6606
1208 282 474
1104 88 514
478 240 7701
1178 31 1014
1106 54 9556
524 259 3534
197 130 5841
1147 177 8035
542 213 7427
968 70 7679
1090 33 9255
799 111 666
513 75 427
345 334 1644
371 189 1724
1149 351 9500
766 67 5435
958 48 1087
805 30 892
1191 91 805
480 54 7002
248 311 690
348 283 870
1150 4 665
237 77 1215
642 233 1285
153 133 1607
1187 104 8098
2 31 1079
1229 281 1424
358 182 1234
747 178 1392
422 319 1354
922 375 942
1239 327 8045
1071 224 693
541 37 9598
202 64 986
962 118 737
1103 352 1012
509 253 935
378 163 1050
706 125 5669
466 376 413
60 319 975
647 371 997
362 362 1297
863 298 6386
723 173 861
252 156 813
1195 303 7835
576 266 4392
860 12 970
427 30 790
127 372 9456
1352 106 6719
377 292 3974
673 183 4561
1348 274 1935
511 60 6872
667 199 716
130 327 9605
649 374 1732
1160 227 5907
1018 92 608
412 6 727
189 152 8123
1067 57 1869
361 366 1546
446 277 513
376 167 580
93 130 4274
1341 13 6256
904 25 1164
723 337 735
233 312 312
158 144 367
737 282 325
359 267 8380
919 173 8321
7 233 1579
94 8 369
1096 144 609
84 342 7524
1117 134 912
410 292 6234
20 68 611
989 286 6211
1010 31 1238
951 69 842
173 28 1286
534 43 585
416 33 8944
788 92 508
61 0 6738
400 126 427
535 326 952
347 14 8539
1116 314 6314
144 116 1161
675 83 1359
511 32 6192
841 206 722
439 272 901
212 285 5025
318 51 6943
167 71 1059
965 6 475
765 244 3142
1019 100 1104
294 294 906
122 111 778
1146 229 1625
1206 326 1804
1036 258 8870
211 213 725
1283 68 616
1150 15 330
1052 182 688
1152 285 1669
468 257 9429
911 42 994
770 23 7657
975 126 941
125 104 3533
186 151 1665
283 122 4218
629 312 439
1178 358 790
495 150 1000
1354 243 7516
838 212 4469
445 132 1135
783 36 6507
777 375 1020
472 228 1017
530 23 1653
710 254 599
649 351 1870
258 237 707
668 18 6140
692 129 3172
1285 82 1394
440 358 7724
1109 304 619
83 332 410
711 209 5947
1073 141 9014
949 313 1099
326 10 7613
802 171 7454
1155 365 731
1006 369 1034
1077 241 1682
651 356 4783
495 187 712
1206 116 1409
403 256 7064
394 133 927
308 114 4282
1120 1 9108
682 322 933
188 150 1169
230 108 3229
633 10 4834
1146 274 1772
295 14 8988
1262 134 692
307 173 2199
420 194 9962
48 133 939
185 372 958
120 23 1388
722 252 4114
792 298 5876
987 157 6634
827 160 9820
65 332 674
26 331 7847
680 137 3029
854 374 910
1117 88 753
1043 208 799
1255 162 7535
750 128 825
626 110 1278
665 204 558
818 125 967
601 342 3285
356 288 633
365 338 1495
1166 35 7475
1099 169 1714
821 297 7967
666 367 1916
367 121 1696
1038 77 1328
404 215 7436
1007 284 6815
895 215 5827
332 339 893
1327 227 769
723 17 1178
1113 116 7228
1345 111 1439
588 368 5366
1148 166 6057
97 170 1586
414 51 8077
965 118 648
63 261 1273
589 55 1596
1224 311 470
282 148 867
1200 21 9740
479 274 939
294 225 575
547 2 6770
1278 158 6074
793 331 3954
1230 223 824
659 182 643
166 343 1178
6 271 4195
877 53 8770
753 344 1458
835 288 1024
433 300 6227
381 8 503
429 121 3861
1086 234 771
184 365 841
1364 328 933
688 136 4830
458 341 4656
459 23 2147
492 317 366
992 139 6200
370 222 1283
101 73 7848
1282 40 1066
1038 5 1149
319 5 1960
941 10 8311
1207 366 9749
608 277 712
500 92 1033
1142 173 1317
1092 303 973
402 250 1178
4 174 449
105 309 5595
921 131 1045
121 21 8303
625 147 9053
1048 146 1945
400 315 580
1040 368 9243
828 95 9245
824 182 1309
836 292 3238
1215 346 403
1015 74 866
1227 99 7067
227 66 8104
665 133 995
1264 39 556
351 114 8042
831 80 3022
150 272 783
79 292 4570
704 179 6008
845 5 8841
245 375 867
453 188 1506
91 253 434
219 293 7117
1135 297 1160
1300 134 1140
1058 220 1373
648 38 789
226 4 1238
875 339 842
756 100 6566
98 175 5740
1343 284 4808
1224 219 550
142 92 858
538 202 822
1025 50 5510
1016 309 572
447 355 4380
171 227 1083
214 88 785
15 78 1565
163 81 642
378 4 1282
1179 143 681
1182 150 6768
1363 279 9465
966 277 944
1262 88 564
205 254 606
775 324 703
412 118 952
1019 369 882
449 128 740
870 275 2836
715 359 548
373 295 8004
173 153 714
132 246 1433
969 187 966
207 229 1905
1114 14 7257
471 68 603
12 45 650
352 265 9931
778 263 4351
1046 152 5713
801 245 1036
484 2 9243
95 354 1395
323 363 7663
198 87 6261
1242 102 1454
1346 70 789
717 142 1557
86 61 1966
83 237 372
80 64 1153
1093 152 4028
1154 36 1593
1286 373 9352
997 22 5112
154 157 3182
892 69 466
1155 158 467
829 70 980
926 151 831
1026 73 8522
140 73 7825
501 3 1296
846 194 7708
592 285 7514
292 179 7582
1062 4 683
109 65 917
1350 186 4056
991 182 1301
136 358 771
242 356 6718
137 8 5347
117 293 7617
505 208 1276
1344 82 1425
16 86 6492
382 178 1202
890 58 5147
1163 221 1360
729 344 1287
759 363 4328
1139 220 1037
1289 29 1176
899 186 4206
1317 376 599
507 285 8671
1060 342 8118
205 304 446
1144 21 4029
1023 3 965
1124 86 1177
709 59 1128
584 269 9871
442 152 4061
166 344 906
613 312 643
539 188 1104
879 7 1732
790 263 5533
1269 248 9833
1055 142 866
1317 81 1154
867 225 773
1084 90 2170
1347 55 1469
1359 175 7609
992 109 4489
455 109 473
99 106 6838
1002 67 6512
859 186 1561
389 43 4457
514 378 8343
1341 30 8024
315 265 5739
169 333 2017
829 311 624
885 291 3334
691 342 6804
1332 32 1247
263 209 7276
344 275 1340
157 175 7154
235 80 7928
1338 195 4362
1005 118 1410
39 330 935
1340 13 996
1171 334 1500
946 255 650
1251 184 605
827 7 6906
1076 218 8189
1109 359 724
54 77 1243
1339 123 1969
585 376 480
514 377 4544
495 113 1238
910 118 858
1023 75 648
444 310 6204
10 147 1891
307 337 1722
383 28 1570
56 243 4078
961 193 824
8 121 4193
1329 294 554
147 223 1191
116 176 1931
265 363 1666
216 268 6968
287 177 2011
406 291 5843
1246 42 945
131 206 1192
1134 26 1568
636 186 3128
840 223 9355
7 371 1383
1290 247 7732
1267 128 946
515 172 4563
1362 39 997
928 315 1299
508 41 955
886 298 8181
971 151 849
809 284 5193
583 62 960
1233 298 9513
206 373 7999
392 223 1282
1203 325 6358
872 266 6965
639 112 1087
1340 30 1201
1272 254 696
1057 292 3443
963 220 894
448 268 8027
1138 228 8416
969 113 1632
879 151 1716
763 228 720
1051 54 5977
48 303 803
229 290 2204
948 241 1302
1024 292 8439
1089 77 1016
1237 362 1179
794 22 1464
1119 125 744
946 210 571
995 157 3954
35 0 6700
935 87 7260
971 7 865
9 178 1492
640 264 8503
153 303 1162
1165 322 1269
511 155 5036
14 75 822
992 350 4800
661 38 979
1113 326 8624
454 1 9046
446 226 918
903 314 5953
582 345 9598
181 231 633
985 83 8803
1132 18 6700
1160 9 6160
260 129 6342
732 165 521
1285 371 1155
789 42 8877
422 336 776
806 368 9904
468 250 9913
521 153 752
32 317 570
1151 42 1630
1202 289 1933
1089 5 1090
428 376 298
1265 136 5672
855 373 7022
1086 116 842
712 295 5261
459 246 2511
708 56 1365
143 22 1263
843 157 8520
245 294 1001
553 29 8337
1000 278 5158
435 27 7692
1201 346 596
1165 64 1460
786 248 7841
423 126 543
729 212 874
436 301 3126
1243 165 5937
769 223 723
732 362 590
1174 314 5470
760 92 934
1074 195 7359
1137 260 3408
324 235 1045
316 116 1257
693 51 5323
1190 157 3647
648 318 562
650 12 1293
1111 366 8347
1193 241 1787
306 38 1073
21 53 3134
1257 29 1046
298 331 9751
306 318 915
559 10 5197
516 207 3032
1028 332 491
25 341 6361
1330 121 6424
168 87 8075
39 43 781
1222 328 1559
762 300 9952
715 254 697
475 179 5957
49 378 941
49 270 710
14 3 1081
540 55 829
255 224 507
1326 80 3171
443 327 7124
256 267 7147
813 308 5493
1088 142 1022
1356 360 1968
522 73 3566
639 334 1351
1138 180 5112
1337 104 8920
294 375 844
567 147 1690
1105 183 698
74 236 5070
1179 322 1108
1172 356 7593
743 226 711
548 227 1015
179 370 988
321 243 5041
453 40 1817
363 171 8256
590 201 1337
934 365 849
249 7 1217
200 129 9471
11 70 710
368 179 3585
1271 317 719
804 206 516
868 209 6726
1260 276 6716
232 275 3133
768 129 6329
136 31 910
897 357 9076
667 26 956
1075 287 3467
337 34 9302
340 247 6390
705 15 512
1278 365 9841
900 376 365
1178 281 1080
898 134 772
615 162 8087
753 212 1147
300 67 5289
360 70 671
988 373 1792
580 86 499
575 38 599
1268 251 1245
438 46 1386
725 210 1452
709 374 1229
1232 336 380
550 291 7415
1336 323 1613
820 192 4727
616 336 594
245 225 610
407 122 988
1039 87 5231
888 183 2926
313 136 8862
715 304 583
973 270 1198
1078 91 1349
1228 183 2327
163 376 282
1367 68 407
231 57 1159
973 377 966
166 212 663
291 247 8153
1121 306 5988
614 205 9354
665 303 797
1083 81 683
725 142 1951
119 57 1358
1331 373 4755
1145 353 7133
837 35 3241
994 295 5542
390 203 4621
165 30 1454
36 18 7900
251 166 4682
922 225 763
299 368 9642
702 271 9958
488 34 8752
996 213 847
296 56 1316
123 36 934
1099 227 1177
240 310 6989
425 78 5636
82 67 6641
1273 163 598
1215 222 876
1142 17 1541
1365 141 8375
62 180 579
1162 225 693
274 32 1055
37 62 614
829 219 626
1214 96 1448
345 112 1283
858 253 717
747 12 1138
1184 236 9055
921 301 1489
491 49 717
1056 215 5241
1122 199 775
1251 128 823
462 172 8695
910 6 673
635 321 3242
199 258 1511
964 239 4509
1234 69 397
1189 368 6189
756 208 8693
904 305 2122
218 14 5739
401 178 9311
867 375 1058
1267 184 645
1041 363 5385
599 303 732
1032 40 1196
905 236 6608
467 372 1957
978 253 637
127 111 6483
1346 311 458
66 345 9958
561 260 6492
658 197 9436
631 215 6251
832 220 718
466 81 874
1182 187 4697
533 195 4731
906 29 1513
1079 265 7892
539 40 1315
1013 304 5171
710 359 518
1159 268 7418
268 244 9703
616 319 1146
707 2 8483
1366 182 816
424 79 1415
465 130 3990
1149 374 8192
464 194 9861
749 168 1441
126 99 1014
483 209 5847
85 16 3259
170 288 720
1062 163 507
562 350 588
1016 119 911
1194 369 834
470 232 7991
943 139 424
622 255 8141
455 139 612
112 25 599
1256 137 5988
812 11 6384
317 83 8687
893 377 1020
1307 281 933
727 212 1205
449 184 504
574 266 8051
986 89 1732
417 226 636
834 327 9589
174 21 1079
502 206 6903
770 246 8946
1030 287 4568
338 73 5074
397 339 668
708 282 799
415 167 567
244 310 5133
536 68 5054
94 220 691
851 125 847
1243 339 9355
1123 331 7042
1303 285 8344
34 298 6221
1225 332 5209
716 27 4744
57 69 651
41 366 9254
290 250 974
1102 249 2244
1291 64 7411
882 4 1286
202 322 1170
653 284 8744
1009 144 457
221 314 4707
301 144 512
851 97 1341
329 259 6565
917 144 466
1194 208 1434
927 308 4347
185 111 767
394 204 510
866 25 821
237 5 1205
310 32 2144
710 304 477
696 39 530
694 114 8967
879 160 2396
956 321 8776
60 336 582
566 272 444
176 3 878
302 240 7137
600 163 877
695 37 7861
273 300 7835
487 1 7229
864 240 7590
990 35 7973
1322 293 6741
1133 106 3106
387 128 9312
535 116 865
1259 297 1495
866 305 1241
203 182 730
89 50 6289
328 38 930
1304 31 1178
272 365 856
473 256 1548
575 318 471
928 126 937
589 74 1643
152 368 3619
80 143 615
1195 204 4787
1236 154 1719
622 210 7443
942 39 6632
1226 170 9540
993 138 1086
569 26 8627
1213 220 999
23 287 8352
1307 358 668
634 339 975
600 4 1010
1158 196 787
580 346 333
981 207 7373
463 6 617
387 251 9035
735 142 1860
114 271 7628
19 254 1070
898 88 628
728 310 3590
397 362 502
108 253 705
1361 84 2333
332 362 757
316 234 1350
976 266 6834
325 163 7846
1179 64 1273
926 7 837
1034 155 944
195 279 1349
1034 32 1220
1355 349 1134
963 8 504
1270 171 3468
1300 88 876
497 319 1011
1314 13 554
193 141 5639
411 195 8259
523 150 1509
239 373 6701
724 164 1632
1358 282 451
423 315 927
856 233 1094
399 258 2202
342 259 6946
549 376 4103
1180 168 1301
178 27 5154
699 76 1252
660 252 8860
1219 55 849
874 98 893
1320 270 1090
959 11 5792
156 139 614
1324 257 1743
398 264 676
449 251 683
1332 60 1382
871 209 6392
752 180 446
474 16 9122
1 162 6379
180 319 8076
819 239 3797
854 351 1134
403 323 6240
1061 316 4572
280 30 759
1141 68 735
663 268 1368
861 194 3133
401 12 8343
833 144 854
328 318 678
875 362 843
943 350 285
848 136 5225
1084 99 2024
87 268 753
919 17 9651
397 165 437
437 285 135
146 276 3900
102 90 1952
100 365 996
649 59 1775
476 226 9367
64 250 2231
627 263 7850
503 6 5709
1281 13 517
969 150 1621
755 334 8773
1153 56 670
191 268 3974
758 345 7619
110 317 556
408 166 6355
1142 337 1032
90 27 4546
953 172 6464
1325 327 8149
220 342 4066
440 31 9132
1220 353 9474
621 78 723
357 288 984
331 200 654
779 73 8666
1171 112 1189
2 358 929
839 339 903
676 247 8251
395 293 7026
1272 359 567
607 184 392
772 356 9517
226 163 970
353 231 4225
797 240 7343
314 223 1027
354 109 645
137 220 9787
535 234 872
726 218 7843
569 199 5350
719 42 1290
1006 100 1263
1231 252 9638
1092 204 592
1204 5 997
1304 358 1148
606 228 637
289 276 5031
78 170 2133
316 326 1803
798 346 308
1263 347 941
1082 27 7468
472 180 563
755 112 7680
980 271 7652
646 126 839
750 184 552
253 219 499
134 54 7617
1077 177 1694
1316 345 7247
135 133 1734
1091 205 6921
176 75 570
1165 143 829
570 288 665
736 90 1880
1232 319 732
926 160 1179
679 71 672
669 277 702
1168 325 7069
293 231 822
479 229 802
914 67 5583
269 351 1563
1027 26 1405
348 312 528
738 258 1276
88 28 8394
714 29 533
1042 115 1086
954 260 8656
485 318 6899
808 125 897
394 303 862
817 239 2801
526 97 2156
307 17 2363
598 357 3598
784 167 706
1229 358 1174
1131 284 5077
948 177 1220
595 29 546
243 357 9988
1176 242 1804
1305 307 723
1156 267 7205
671 33 4824
1099 9 1176
603 353 6496
481 224 802
741 289 1513
1085 50 9043
382 12 1144
1081 8 522
144 234 999
0 43 589
160 114 3936
540 74 938
1164 223 849
782 340 703
1215 86 616
796 53 5623
923 323 883
811 36 955
1238 56 957
622 142 9739
1150 163 548
330 91 832
1227 90 8294
381 220 1016
149 297 1185
642 371 1145
1183 330 1106
1238 282 601
551 264 1573
209 314 4854
80 322 1078
586 215 6687
450 172 3050
1324 250 1920
1208 56 893
568 305 1434
739 351 1015
910 299 1016
656 91 6292
228 158 943
943 109 292
1112 278 6735
785 127 1166
709 351 1466
560 371 8063
931 171 7213
105 119 8141
1173 58 6476
679 309 780
913 14 5181
607 251 608
1212 263 9983
889 126 525
204 174 668
1264 174 730
1016 71 518
1134 199 1093
167 309 1207
682 143 499
156 109 438
1006 208 1681
175 313 1122
1161 314 7389
661 318 773
1201 86 862
1205 67 3509
19 359 796
763 180 395
364 304 828
816 331 2867
1275 194 7415
944 291 6778
476 277 5325
192 54 7035
153 204 746
960 272 7647
930 355 6178
133 62 1427
103 289 1637
501 75 778
525 157 3383
1199 331 3959
115 14 4819
1345 372 2085
830 80 5234
1028 237 540
151 6 864
222 171 3020
1245 300 3037
577 117 1621
537 227 908
1080 294 9061
703 232 5201
499 300 5509
53 192 5321
1201 222 1126
1118 192 3729
803 272 809
238 147 866
1288 167 1282
107 231 1172
1277 172 3907
1029 275 2526
1209 114 6142
2 281 1111
226 15 539
1344 371 1388
1327 169 1253
607 128 540
647 233 1241
826 128 1167
106 168 8310
1235 375 944
690 130 4219
5 33 6697
262 39 735
387 184 5926
537 9 957
380 257 2106
201 147 841
822 11 7133
1095 158 466
204 39 531
736 99 1736
865 58 8365
787 368 7335
386 27 7582
285 337 1140
1092 133 1181
385 51 8613
777 294 1115
463 118 693
75 79 1405
946 142 867
815 222 777
568 25 963
684 260 5847
184 158 553
1213 8 568
46 279 1377
286 239 6340
165 13 1149
1251 251 907
955 265 4411
311 37 6902
1027 199 802
878 275 3193
304 341 9419
907 171 4687
1188 200 1058
485 38 8975
798 86 442
254 108 7415
1101 108 3261
832 8 397
1147 241 8114
1177 291 6206
27 264 8458
750 251 871
434 183 3707
637 16 9646
68 268 5969
1044 274 9812
1044 229 9448
645 57 8130
876 356 8837
473 323 1292
718 106 6925
543 203 7027
505 369 787
825 266 7354
59 168 1353
548 9 1232
248 70 1246
1153 282 347
700 197 6055
965 299 814
122 372 1220
650 178 1457
798 222 582
1314 30 691
28 106 4094
800 267 6021
780 286 9084
920 69 558
950 128 843
562 109 548
882 15 534
893 378 1600
757 278 8818
857 43 526
857 330 588
1110 209 7706
40 238 5688
1254 268 9515
139 335 861
1010 281 1349
1035 69 699
608 226 1427
677 94 889
225 0 9089
1005 299 1445
746 22 801
1066 103 1667
274 155 867
602 50 9524
493 98 5505
687 149 566
182 28 2135
1059 105 1184
276 139 549
71 40 6080
546 178 867
810 141 3136
744 71 752
1295 355 9769
805 13 771
271 16 6743
253 70 699
932 152 3733
1223 313 926
77 263 8171
571 207 6962
1296 192 8850
510 34 8935
823 112 982
686 236 4728
1140 272 887
900 81 802
1315 244 3043
1210 140 1272
419 215 6048
1244 101 1644
215 180 435
44 78 906
1299 283 1128
612 185 992
1249 366 9754
255 279 948
1268 184 814
1045 121 197
1235 225 597
1368 62 851
1104 134 559
172 190 1181
76 331 466
155 54 8434
1222 317 858
1328 205 4721
720 363 2727
544 308 3318
143 135 1542
281 131 5963
1235 294 1086
604 68 325
670 68 513
297 173 1343
523 187 1094
1020 253 7874
1043 369 498
883 52 1298
151 299 1325
1119 97 1143
1014 186 1945
771 269 8391
1115 376 477
1108 273 1416
531 302 1578
1309 67 3146
46 224 803
856 371 1114
1094 98 3748
777 225 735
815 86 621
838 344 5465
1183 43 814
436 131 1647
100 158 672
1252 95 4639
156 350 446
880 121 8301
78 190 1571
1294 152 5146
1011 180 347
853 207 3483
729 343 1856
264 95 6945
984 95 4748
519 306 7240
247 305 7073
619 141 9537
1034 60 1292
346 73 4549
842 175 9044
333 179 9825
73 102 9127
664 87 2745
1049 355 3237
560 233 9295
1064 232 6982
652 293 5097
277 62 843
593 194 7598
641 112 1465
1088 210 869
236 312 4361
562 139 728
936 10 9903
939 92 484
725 255 1436
188 187 801
514 270 6284
975 315 1319
370 346 654
968 219 5393
1008 206 465
494 87 8746
1115 81 1084
22 129 3823
455 350 496
795 122 869
164 253 751
662 247 5826
909 0 5177
1329 225 411
875 165 548
426 282 265
814 318 622
355 263 5064
325 15 4286
482 20 1136
982 192 5924
774 325 4545
1242 200 778
654 236 8404
325 4 9761
580 222 737
916 79 7350
740 223 1252
118 323 938
1347 74 1591
1086 326 974
32 328 1253
912 168 585
591 317 405
1081 220 938
249 151 1625
689 98 640
644 308 9709
578 47 2112
275 272 952
241 141 8556
513 3 610
597 144 411
327 353 3442
745 85 1430
713 309 843
1100 50 9692
655 266 3555
971 160 1197
1219 316 479
188 113 1297
1211 276 9294
3 320 1332
1243 362 7809
180 336 4775
13 264 6856
303 16 9941
881 56 7831
412 299 1080
1130 167 708
1192 162 9836
297 17 1775
55 66 3562
826 251 1094
1080 375 7742
1271 328 1440
1285 233 1252
364 359 918
753 343 1977
183 329 636
47 80 7573
950 184 636
1336 256 1781
136 281 900
343 86 644
526 125 1331
186 7 1660
721 186 8630
30 244 4645
1206 234 1401
334 252 3202
1019 208 1670
1225 237 5376
138 58 7100
558 330 592
1204 77 1220
620 312 572
1070 157 5316
1097 182 9875
983 226 1037
862 297 1390
1276 231 1028
945 62 1333
1021 218 9936
18 93 1815
606 180 384
364 254 1039
713 119 1307
187 104 7935
1072 130 6723
773 272 1038
319 77 2354
360 311 480
233 283 562
896 237 418
4 39 335
1274 16 8997
697 291 6264
456 203 7438
96 122 611
893 270 1214
167 119 1677
744 309 872
682 64 782
379 75 540
379 3 929
564 29 721
735 255 1598
528 247 8942
844 289 9998
384 144 5126
269 59 1248
896 332 432
557 239 2568
605 253 979
1292 232 8945
838 343 8107
867 294 1182
336 39 671
730 314 9907
849 53 9540
1348 229 1618
1335 213 691
288 66 8745
737 56 526
537 169 1487
467 111 1215
751 170 2346
70 134 5669
24 213 755
269 374 1313
417 277 376
545 368 6187
922 294 1137
228 365 1422
942 174 9106
761 306 4276
891 1 6539
540 316 419
678 356 7375
929 237 790
350 243 6799
486 130 9618
657 238 9560
1053 18 7779
1032 188 940
611 269 3541
591 328 842
171 169 1796
0 330 846
1015 316 424
405 200 994
1320 378 1343
643 79 1287
366 262 1466
558 43 424
205 359 539
396 114 7242
1162 375 1021
280 13 619
234 72 2108
1095 365 775
752 228 704
190 58 6516
1293 66 6737
669 226 1343
967 175 4269
64 257 1983
1323 301 1844
45 240 8057
310 60 2194
1037 62 878
1005 6 1015
305 38 1321
731 197 4082
1310 50 4891
1129 192 9925
1170 223 790
742 29 752
320 268 8952
159 295 5605
791 27 4058
498 316 531
839 165 530
1196 174 818
1139 8 534
362 339 1674
489 168 963
748 87 7487
236 283 7077
1241 179 5344
1363 224 5183
1229 31 1531
391 172 6389
9 12 1421
452 54 6738
496 19 850
881 282 4353
135 303 1466
128 213 994
1323 131 1120
287 241 2114
847 83 7278
497 336 631
490 295 8609
573 95 8526
1185 216 1325
609 91 1227
253 311 384
1012 209 6195
1301 286 8065
1061 55 8492
111 258 1641
701 192 4589
58 78 1356
589 316 873
902 53 8411
11 311 506
918 136 7780
1088 255 831
1279 336 634
685 175 5869
732 339 712
1279 319 1103
529 308 8114
823 334 992
73 200 4783
276 350 420
915 167 1028
1010 358 1012
552 53 7133
546 12 731
696 174 619
756 369 5251
581 68 514
262 174 985
1011 228 623
215 228 726
979 286 7122
457 137 5828
854 59 1051
224 161 1088
31 283 978
706 97 9241
934 158 589
1362 174 1259
72 1 5318
1071 279 1479
1047 180 539
336 174 995
54 5 1050
556 27 8121
1299 312 715
33 218 3558
1291 322 7691
882 163 1060
145 238 6334
950 251 829
207 274 2277
850 24 1331
65 237 653
744 119 1103
430 205 9216
43 207 7752
1015 55 805
1267 251 810
11 219 558
1304 281 1197
972 107 659
518 57 1926
587 3 6937
794 135 1669
860 178 1015
1346 219 527
332 165 619
781 66 1778
498 55 988
1127 167 1074
962 299 882
1282 188 812
1122 26 1161
246 248 4838
1218 73 7092
