1000 100 1000 250 1800
279 428 500 264 84 311 347 23 75 496 12 118 291 121 319 762 665 37 640 69 139 279 755 158 217 779 735 439 77 628 418 147 718 59 33 177 329 258 366 794 743 328 97 422 92 22 770 337 325 397 716 764 544 677 550 648 750 636 720 659 261 608 680 62 505 383 215 360 160 642 18 256 512 729 639 435 301 215 425 395 390 147 599 467 568 89 574 394 64 528 628 30 640 557 675 646 534 791 296 326 309 173 188 11 638 287 51 411 106 4 640 590 731 371 635 286 466 450 206 338 278 249 661 643 532 680 231 506 29 153 24 612 269 492 98 180 626 220 65 94 67 710 136 402 618 168 85 681 713 677 773 726 458 399 666 285 392 785 412 387 167 727 539 31 74 329 605 657 709 425 240 330 374 449 589 221 402 533 552 726 2 698 423 605 35 656 479 668 602 683 59 239 589 235 231 64 51 88 637 380 584 669 289 323 461 539 710 391 608 55 735 788 415 676 475 762 387 580 45 395 252 391 64 86 372 713 273 84 568 152 399 336 226 9 417 336 762 137 687 69 606 630 795 762 420 623 595 102 676 550 684 139 642 771 249 85 741 12 135 671 319 285 659 686 568 643 150 639 579 760 349 410 591 794 272 391 231 20 214 125 99 552 48 501 50 629 422 567 348 339 452 643 792 515 272 279 279 13 425 370 129 496 548 290 242 754 99 173 676 622 468 543 785 774 477 111 83 592 520 429 357 199 533 345 145 423 123 775 536 505 650 158 712 759 423 195 404 182 262 639 663 24 363 40 105 242 608 764 662 512 537 728 453 356 138 375 45 351 740 301 588 193 163 559 309 44 293 487 654 529 545 774 622 178 346 595 638 295 433 101 179 166 800 110 701 403 385 755 286 292 105 183 427 378 771 781 147 640 458 715 454 391 633 524 783 721 746 391 148 507 98 286 124 274 93 305 273 76 770 155 23 546 187 651 291 20 40 85 705 747 2 446 245 779 460 611 422 192 514 516 629 285 366 507 659 690 58 309 193 430 470 506 547 114 669 613 175 477 349 359 715 384 199 351 405 712 195 290 226 140 669 768 132 3 143 457 793 704 746 277 485 690 551 628 362 281 110 88 572 221 784 382 342 669 459 264 241 192 442 577 230 582 440 523 198 134 755 320 258 702 305 377 8 510 686 529 19 177 693 478 516 30 350 210 680 771 349 524 268 797 92 233 499 219 734 721 579 469 233 703 312 553 731 178 229 595 669 164 584 170 512 651 141 237 782 294 624 487 496 464 387 312 516 581 424 443 236 391 269 5 456 558 545 766 488 652 57 502 249 326 649 740 537 538 676 505 430 698 188 761 354 442 346 236 759 32 427 226 412 106 534 29 718 627 195 257 645 629 390 361 764 799 453 771 238 291 569 513 692 481 283 220 145 738 700 358 788 230 120 264 326 333 27 656 554 134 472 292 130 119 607 725 470 502 767 103 276 556 602 673 247 5 698 345 748 245 69 160 48 399 356 138 720 140 401 775 741 562 72 712 591 179 621 657 763 790 391 88 180 659 470 335 573 383 481 400 594 172 346 192 522 280 651 13 170 575 602 518 13 510 554 558 702 590 178 534 535 789 552 310 237 548 334 202 771 14 650 475 49 463 374 764 21 124 291 201 333 349 667 362 609 560 275 612 387 209 38 753 489 18 638 220 349 44 620 674 101 778 731 227 601 459 625 756 53 154 547 228 129 656 333 422 686 724 86 141 706 252 691 373 331 532 112 184 546 794 685 541 487 676 201 765 184 475 236 552 147 198 566 57 339 650 544 396 499 701 166 281 691 504 550 141 481 509 780 457 453 737 154 679 538 460 251 264 753 746 261 263 143 106 729 409 123 450 36 416 618 46 727 65 64 756 251 21 23 240 475 517 602 64 601 586 203 234 4 358 301 26 229 281 414 165 174 206 540 458 387 2 592 159 237 268 473 517 365 583 78 491 647 70 43 261 776 155 207 46 394 431 98 268 577 223 41 224 463 344 247 723 219 412 675 339 598 419 544 476 170 426 641 666 91 166 574 733 605 252 422 86 68 354 633 631 728 11 585 360 187 201 309 281 635 199 69 594 529 56 45 260 362 157 106 170 223 163 15 537 448 56 226 214 247 86 201 242 421 322 190 398 124 273 125 278 44 684 166 308 525 632 353 422 520 617 723 531 107 534 126 460 346 204 208 710 523 195 536 388 317 288 20 799 409 675 222 382 702 255 781 787 427 112 781 12 132 449 17 430 560 363 523 27
2259 5
234 414
90 395
79 253
35 62
2 73
1346 2
139 279
155 1
2417 1
220 217
2434 2
23 237
67 117
826 1
200 126
2486 4
27 482
30 353
128 276
181 319
1295 5
247 433
219 252
209 412
73 225
50 168
1081 5
12 382
129 497
20 206
221 414
55 326
828 3
13 95
150 268
54 155
1529 1
235 445
3472 2
167 114
113 162
1234 3
232 89
102 255
137 167
1592 5
156 424
53 141
145 340
77 184
28 316
583 3
64 121
216 193
43 472
3016 1
183 101
3623 2
54 100
72 381
3953 4
248 408
12 224
129 299
235 357
1381 1
213 108
3800 1
125 88
3361 3
89 369
55 231
184 75
2661 1
153 496
1655 4
130 67
227 35
122 491
154 146
3722 3
236 6
83 240
116 374
3242 2
137 152
217 213
3211 3
29 50
17 309
195 423
1423 2
86 446
219 443
939 5
136 82
9 326
172 311
216 172
198 487
724 4
25 36
37 269
93 435
246 400
3676 4
152 361
173 5
59 219
44 18
3752 4
176 461
78 315
79 323
164 255
1630 1
214 484
2471 4
148 267
110 294
0 222
179 328
1167 4
152 9
18 261
44 136
229 272
1024 3
142 79
38 6
44 87
3781 2
73 486
177 424
764 4
192 460
26 416
186 454
155 291
1429 2
214 446
205 90
1407 4
129 87
98 88
86 244
89 457
1617 4
54 357
36 82
243 33
22 437
1278 1
218 9
2719 1
241 243
2966 1
84 107
2610 1
93 100
1501 3
129 323
239 13
154 293
3831 1
78 272
2953 1
127 227
1449 5
100 390
174 449
186 298
101 143
247 490
721 1
137 477
1633 2
31 137
210 363
1457 2
204 269
124 395
3773 4
112 207
211 421
240 313
96 89
1884 4
61 136
119 337
53 474
160 321
1559 1
22 321
3936 3
74 168
202 493
3 380
2707 4
51 297
162 395
27 434
147 244
2293 5
170 179
153 235
117 415
178 220
150 337
2003 2
145 218
39 116
1672 4
175 138
92 267
8 59
1 19
3101 2
56 356
67 419
1976 3
147 244
74 249
7 251
1615 5
48 249
77 393
163 387
12 340
9 302
578 1
138 127
1457 3
199 80
127 440
209 91
1606 3
128 457
89 267
76 444
3321 2
20 244
243 247
2049 4
78 222
17 57
121 19
106 351
1159 3
196 258
164 13
229 93
2098 5
2 277
213 268
150 359
85 337
20 448
3830 2
169 257
109 446
3795 2
56 494
198 121
1274 2
101 69
151 111
1927 5
235 117
83 274
249 444
73 384
81 311
3993 2
188 243
84 152
3629 5
23 309
151 328
31 216
200 1
130 73
3313 1
31 137
1267 4
42 402
173 437
8 208
214 397
747 5
48 485
65 265
154 463
193 17
54 424
1949 4
37 360
205 458
54 13
60 190
1857 5
25 54
199 496
99 429
70 12
204 8
3030 2
10 485
37 106
3519 2
233 36
96 459
2552 1
139 172
1610 1
165 439
2371 3
64 454
75 270
99 383
3807 5
232 106
196 270
88 265
61 210
190 56
2403 3
55 444
41 376
218 253
879 1
50 160
3131 1
138 159
3595 3
249 164
14 380
101 489
571 5
139 341
131 258
93 391
196 124
2 355
3669 2
123 24
85 85
3140 3
238 267
27 57
83 44
1742 1
237 65
2308 1
49 321
2970 5
142 372
84 24
95 4
178 77
130 339
2272 1
196 420
3855 5
148 140
22 383
221 362
183 464
219 45
611 2
86 26
140 20
1117 5
124 410
160 174
216 190
228 159
111 430
1027 2
157 343
213 83
967 53 133
531 48 787
698 65 43
419 95 247
298 46 205
467 12 235
472 36 207
732 8 400
886 63 177
772 62 2
472 39 210
99 54 993
749 74 135
732 22 105
313 0 873
472 94 846
978 85 581
472 90 454
22 83 945
84 68 904
537 33 74
692 14 964
221 94 494
616 4 881
772 62 187
785 96 188
472 72 664
472 86 37
472 97 499
145 20 26
967 43 109
175 87 203
419 16 598
204 87 400
472 29 926
472 36 631
509 8 877
930 34 895
472 25 715
627 65 913
32 12 149
955 77 30
419 72 73
771 40 924
472 11 14
993 54 535
73 68 317
967 67 687
886 89 144
419 71 265
605 6 561
0 56 773
583 18 201
441 82 418
419 40 88
531 44 406
472 58 196
435 74 855
472 72 320
536 70 778
298 58 192
405 55 39
967 36 346
503 89 56
319 89 963
204 92 44
3 31 49
40 77 999
419 6 101
782 87 119
297 31 11
157 53 292
967 43 415
419 93 910
91 57 579
378 77 507
980 74 784
993 48 344
148 74 303
91 18 482
170 80 782
930 77 195
423 67 22
826 16 310
749 96 89
875 96 979
419 29 715
192 81 497
653 96 817
506 51 113
653 25 687
657 71 473
429 82 248
930 6 528
472 65 464
189 5 737
40 85 836
273 57 493
811 97 919
157 97 303
472 33 243
579 34 624
917 78 597
176 41 227
993 9 801
230 48 212
230 43 422
488 41 741
410 15 364
927 62 705
551 81 637
467 13 925
277 52 68
772 63 738
662 75 505
204 85 457
802 5 486
826 32 325
733 3 555
480 7 214
979 13 366
536 60 207
3 83 183
419 10 487
472 15 999
99 67 554
772 22 922
407 86 873
692 12 19
419 44 304
554 88 594
419 20 988
257 82 149
472 93 784
864 56 343
337 75 384
204 35 646
930 82 581
506 95 657
967 10 704
419 9 13
419 18 658
472 9 619
772 92 760
419 8 755
297 11 161
419 76 287
659 34 84
732 84 254
619 71 512
531 38 973
441 90 576
397 20 64
642 14 650
993 77 862
707 17 168
204 92 232
441 98 880
419 50 305
625 20 805
431 27 553
993 19 391
977 10 363
176 73 562
531 35 501
472 55 596
472 75 120
472 91 651
472 52 402
864 73 125
472 35 526
750 77 109
251 30 638
563 21 497
331 31 81
772 43 204
621 10 896
904 42 52
967 0 950
967 32 676
15 53 927
472 81 604
472 60 54
753 39 717
472 10 382
308 8 996
472 83 1
749 53 468
967 42 523
732 22 876
967 36 9
118 75 365
397 77 293
419 9 811
910 19 294
447 66 355
40 59 314
441 46 744
810 68 114
472 3 398
222 34 574
661 44 929
980 28 36
176 84 148
445 21 651
306 29 855
616 64 379
726 50 287
863 2 163
699 36 449
653 60 251
419 4 830
772 13 274
191 32 476
251 50 20
419 17 280
472 4 455
930 58 636
142 54 753
760 53 812
230 14 327
472 18 324
580 20 886
273 45 375
772 49 448
167 34 132
840 57 339
836 75 345
726 99 110
421 28 282
732 94 28
297 94 322
230 25 543
489 60 576
461 77 715
732 29 979
472 65 785
930 52 320
732 64 832
472 69 185
512 67 688
472 34 258
509 58 796
230 48 727
772 30 783
467 4 727
306 39 936
619 92 819
967 20 113
34 29 42
230 79 241
11 18 633
289 65 201
337 98 156
613 69 648
580 72 531
967 68 825
472 53 331
472 32 294
235 74 316
118 82 536
141 58 501
953 82 322
419 7 501
472 63 666
189 57 418
441 7 105
257 78 603
141 21 219
91 90 103
600 42 456
946 47 243
141 12 777
498 82 704
347 4 33
240 97 1
993 39 176
624 46 243
372 82 643
22 31 830
579 42 107
603 30 290
593 4 286
297 41 833
653 22 588
967 84 939
980 11 327
257 6 861
84 87 197
261 96 932
531 56 339
967 17 438
103 91 914
235 33 68
284 62 631
73 98 294
176 34 611
230 90 992
176 27 568
886 80 598
603 60 541
237 4 260
506 88 640
578 87 786
467 93 810
230 46 365
298 9 477
104 36 528
680 10 845
472 9 645
993 50 698
935 14 660
616 21 59
472 70 628
512 77 188
732 1 480
663 44 580
472 69 849
419 55 809
239 97 537
472 43 332
235 43 155
328 12 289
993 29 386
987 1 140
193 88 813
472 91 342
506 29 733
682 19 475
419 79 656
472 48 865
993 10 452
760 59 686
419 89 492
97 96 841
659 24 444
218 86 111
189 55 861
61 79 926
966 28 848
419 46 575
822 73 326
467 32 264
754 1 731
910 58 686
980 10 616
204 83 244
310 83 35
419 43 582
609 15 644
435 0 799
419 17 288
472 49 85
230 66 711
441 94 580
616 5 734
419 84 105
419 21 599
239 79 937
126 41 110
626 88 192
993 83 21
273 78 834
993 1 404
230 48 22
472 70 438
424 93 60
993 34 665
772 2 519
772 31 512
419 41 337
772 59 320
472 21 157
716 19 395
67 18 147
772 28 792
772 47 50
744 51 183
797 79 826
472 46 697
886 28 804
472 97 494
764 15 999
785 40 521
436 88 452
472 90 748
564 26 763
772 62 448
419 61 642
118 16 505
903 87 43
793 41 118
288 96 8
257 40 769
472 80 124
509 5 325
624 77 949
63 34 991
682 61 33
310 91 656
472 7 46
566 8 492
768 99 297
146 83 573
419 38 462
366 30 999
772 21 412
241 62 534
821 82 584
626 64 903
472 99 718
186 81 713
230 40 726
472 3 728
363 41 871
772 54 109
472 15 676
360 16 540
230 35 900
772 4 558
865 12 393
189 24 346
784 49 904
730 82 253
204 2 230
992 83 972
82 33 293
43 98 83
930 5 634
785 51 363
298 29 362
472 61 647
472 43 292
275 89 361
472 92 438
472 80 379
850 12 852
472 96 580
576 2 194
472 8 547
169 50 598
552 83 764
674 82 189
472 36 525
967 82 803
56 44 137
472 26 891
732 62 508
472 40 624
772 29 804
888 87 367
930 26 376
472 26 264
967 41 543
661 57 277
576 57 348
772 66 108
483 45 605
237 15 197
419 4 271
472 53 244
230 26 538
257 77 349
248 10 642
103 39 920
472 59 811
419 70 348
344 98 683
7 3 743
593 53 907
397 36 645
616 85 390
229 40 174
739 93 54
468 69 782
875 97 798
166 5 395
980 18 978
472 32 141
35 51 466
472 91 674
472 87 664
472 16 578
498 41 769
0 24 911
668 50 606
578 40 300
472 89 585
30 81 825
3 33 359
230 57 337
902 82 781
967 16 486
856 59 512
967 9 823
772 57 169
910 71 440
264 55 833
616 31 158
467 32 467
850 90 41
886 66 60
876 53 595
443 53 387
423 41 747
71 2 604
672 80 139
327 93 508
230 43 355
298 90 463
664 68 894
531 95 887
816 43 250
18 63 831
218 48 457
167 96 596
126 17 844
886 94 744
167 30 650
686 22 523
967 30 136
419 93 257
257 43 471
404 39 633
317 53 798
105 17 26
967 74 631
522 25 817
472 85 475
419 20 705
836 77 341
869 99 361
419 84 741
673 50 55
404 26 728
673 63 989
22 63 162
230 0 916
54 58 103
91 67 945
419 52 509
613 33 356
537 4 666
776 22 183
40 59 296
330 94 375
930 16 922
710 15 841
472 34 517
784 24 941
893 87 235
129 50 475
204 22 43
429 80 920
900 43 240
366 12 16
703 36 357
131 67 527
869 41 63
930 5 453
506 56 363
993 9 851
470 26 44
35 21 364
308 38 66
917 86 599
472 90 747
967 66 763
53 44 953
772 35 973
419 92 466
472 16 286
419 78 148
251 96 984
967 73 200
419 96 750
419 95 543
441 51 772
273 53 811
288 88 19
230 90 965
419 59 245
201 11 895
967 86 733
873 43 372
967 56 297
337 62 212
993 69 107
967 67 146
472 8 977
348 75 795
749 80 654
632 47 571
967 50 21
832 19 559
419 35 925
472 7 432
204 50 54
131 19 423
772 13 578
419 50 76
237 3 51
40 34 669
331 20 464
441 48 278
118 41 178
419 46 545
937 70 772
882 47 197
967 56 833
255 5 163
372 96 535
257 66 836
404 17 266
624 75 348
836 63 703
772 26 153
616 69 72
967 12 389
526 88 357
886 44 518
42 79 588
631 77 260
967 2 70
810 84 109
646 12 440
368 46 996
840 12 236
930 4 843
472 4 225
604 15 290
230 36 875
683 59 539
603 11 706
122 0 52
576 82 850
917 26 294
834 71 127
472 65 449
979 75 965
472 94 633
472 64 287
278 11 864
521 15 318
261 32 845
283 77 424
22 80 709
40 84 987
93 64 387
298 89 596
921 16 640
40 64 249
53 79 126
772 99 597
419 27 860
616 46 25
366 77 371
886 6 966
472 40 660
118 6 533
123 0 805
886 86 907
472 74 629
993 16 245
967 75 434
359 4 261
927 48 614
226 95 779
419 2 746
495 33 475
840 92 294
178 93 357
3 72 102
257 29 255
597 46 725
772 42 778
167 71 36
472 19 528
215 28 932
419 49 165
930 47 363
419 73 704
472 15 271
967 19 848
204 18 283
930 47 732
180 74 176
230 39 187
732 59 634
265 49 407
204 12 785
472 20 440
22 53 704
204 7 237
367 16 168
472 53 601
819 32 527
472 32 717
118 69 773
230 77 158
558 9 286
472 64 585
419 19 547
772 2 481
967 53 859
441 19 143
772 41 998
590 89 886
616 64 930
248 52 894
772 54 413
419 95 57
900 42 729
693 65 704
81 24 11
379 6 328
560 51 170
288 20 687
269 46 585
531 39 918
331 62 747
141 47 268
472 36 690
732 46 956
734 4 982
493 71 11
993 62 790
772 91 829
531 16 300
472 90 214
15 97 394
993 13 947
659 57 134
419 47 288
472 59 915
993 74 669
230 9 985
967 2 696
663 12 429
506 84 937
222 90 705
419 31 291
957 48 56
472 61 583
472 97 315
530 54 827
140 79 826
875 79 93
257 56 295
40 30 490
626 85 101
472 71 901
580 32 433
209 53 48
40 80 422
778 90 850
531 49 905
366 17 787
10 33 251
22 23 151
672 28 796
472 77 692
419 36 892
77 21 647
626 84 173
720 78 910
419 45 440
616 38 628
790 61 866
189 25 200
772 0 898
967 11 341
820 9 658
11 78 210
40 55 991
472 71 810
385 89 960
741 73 586
472 41 5
578 48 631
204 1 216
772 59 649
772 72 487
472 64 586
472 21 425
812 84 642
908 35 337
942 8 17
531 0 763
103 59 771
472 70 894
419 78 885
789 98 217
908 90 572
967 4 686
578 45 817
62 90 151
419 47 416
785 44 812
531 44 248
950 3 983
965 98 734
239 6 238
230 74 733
436 39 947
840 87 950
261 28 368
968 20 519
978 2 353
118 34 322
652 20 111
508 86 429
399 69 838
512 73 505
192 63 426
967 59 967
204 58 788
230 53 524
732 71 752
672 22 731
967 65 732
993 3 377
978 31 482
441 0 529
260 69 88
472 76 370
472 38 750
772 0 988
53 42 935
696 41 580
531 52 23
199 45 547
930 22 799
288 2 708
419 4 520
434 25 796
118 22 185
653 32 162
967 63 928
472 42 884
181 4 63
924 99 882
682 34 222
772 99 843
167 31 270
230 51 521
592 79 779
772 87 545
492 15 412
419 10 685
472 2 172
419 5 486
419 72 449
141 14 44
898 41 778
419 44 986
730 26 141
899 37 985
918 35 769
616 80 25
419 42 103
772 0 965
397 66 678
523 79 645
613 10 828
536 29 570
408 82 821
435 66 787
930 44 926
297 2 794
742 11 277
467 63 660
930 48 928
472 76 639
974 37 918
472 9 201
52 62 43
331 4 73
472 22 1
834 86 482
330 55 98
235 51 810
603 97 299
772 41 603
930 3 621
472 60 638
230 27 84
287 91 102
141 2 947
118 20 153
472 64 245
472 31 783
653 98 386
672 47 634
251 4 844
261 48 529
441 35 791
40 0 100
657 22 336
311 72 782
910 94 291
198 52 800
472 12 339
257 89 715
40 12 637
506 63 618
331 11 402
441 99 450
235 36 136
101 41 991
260 91 330
869 16 221
967 38 65
749 71 826
257 41 317
472 15 737
472 64 912
467 45 17
60 23 941
235 46 317
419 68 432
297 45 532
472 17 930
230 66 869
967 3 522
419 36 138
686 10 868
288 9 222
245 72 324
886 61 358
709 74 780
772 27 509
389 29 680
732 52 559
119 43 371
823 21 422
642 44 887
788 84 350
419 16 662
531 0 974
578 7 550
472 47 781
757 96 339
441 52 661
237 28 207
328 72 148
869 69 404
419 48 141
134 65 795
860 49 796
886 67 623
965 75 639
874 32 589
472 39 988
247 76 547
419 65 180
472 37 797
419 88 227
472 43 636
224 65 667
419 0 454
56 18 709
252 0 130
419 56 613
419 50 80
204 75 65
441 17 758
592 52 54
732 17 76
230 40 726
672 51 568
230 82 127
820 55 186
204 68 749
4 75 745
251 89 41
967 45 1000
850 29 123
257 94 499
663 53 160
40 37 163
419 98 267
352 96 835
397 14 616
114 82 849
230 8 191
288 38 523
472 45 348
362 61 944
616 94 713
419 52 817
721 47 714
616 98 924
257 93 623
578 80 602
993 76 986
3 98 461
419 95 119
816 4 429
441 55 248
