800 80 4000 40 6000
902 316 890 158 633 52 622 938 442 361 841 823 644 334 676 161 367 848 757 113 563 604 379 128 101 223 195 882 48 345 862 187 683 875 618 297 990 241 621 644 778 510 702 285 570 230 684 560 507 519 67 570 161 206 133 251 662 613 163 118 388 269 429 268 62 935 282 524 561 248 169 268 39 926 572 640 551 172 774 17 141 61 29 895 169 771 519 737 60 32 426 116 636 914 823 869 328 641 306 926 459 252 123 724 446 820 321 728 461 41 252 445 971 465 885 774 415 801 647 40 211 373 215 928 3 432 373 742 644 715 379 376 529 514 637 671 507 101 69 9 382 477 865 459 544 334 201 468 448 193 926 778 975 385 581 227 619 916 317 595 822 280 135 206 466 921 801 355 580 735 707 183 672 739 814 350 323 916 365 375 871 234 172 306 955 502 997 799 730 727 285 363 230 115 80 405 850 583 454 73 958 869 415 622 66 19 872 47 829 263 834 563 46 741 513 475 229 55 225 926 33 792 356 794 211 762 587 674 561 222 809 548 569 148 255 70 964 56 464 273 327 333 298 537 262 478 542 595 301 323 623 379 111 338 442 281 532 205 110 82 239 453 110 676 264 102 636 168 285 680 912 656 251 976 658 428 167 947 247 908 797 432 225 929 854 19 536 892 60 643 249 288 261 64 283 28 659 636 742 993 687 513 558 964 249 966 882 733 35 155 16 284 589 852 682 531 907 630 235 868 481 158 540 373 828 116 190 167 809 358 356 924 629 114 245 968 546 702 652 476 874 479 188 987 78 718 844 993 653 164 884 444 371 770 969 357 197 797 522 242 827 628 492 364 480 176 399 640 790 263 374 301 790 969 984 281 660 406 579 514 484 679 764 892 478 846 582 848 771 146 113 690 519 443 864 587 296 152 354 298 882 529 92 135 470 924 483 157 409 260 465 961 716 248 365 701 117 16 734 880 615 285 207 517 370 604 502 814 792 724 689 128 910 591 541 231 467 978 397 785 72 188 580 996 652 676 334 131 510 683 693 285 363 330 472 30 617 360 549 735 728 259 715 521 202 965 519 17 800 422 22 918 567 502 158 617 670 839 350 404 885 767 924 444 118 202 947 851 232 197 689 998 818 610 569 696 396 210 32 82 226 222 221 765 446 778 654 102 782 271 782 805 446 230 244 455 95 166 431 498 653 747 385 786 827 73 796 249 70 755 721 315 277 68 732 105 817 305 86 111 633 326 766 167 373 246 448 1000 554 157 193 385 74 873 171 552 772 140 813 978 983 932 770 865 842 325 375 149 798 851 888 688 500 900 305 571 58 107 858 164 157 83 285 117 449 111 693 797 627 259 416 553 326 726 830 443 790 993 370 168 545 648 217 877 624 710 67 448 845 614 653 893 917 837 42 348 674 955 574 394 600 171 332 43 674 646 660 854 923 576 697 650 270 980 453 626 208 199 424 621 461 188 546 461 866 438 98 827 305 581 848 378 413 465 659 778 184 971 640 688 261 709 790 367 383 539 301 734 164 213 385 444 730 723 898 952 896 677 771 761 423 101 263 874 635 913 517 524 262 419 191 466 86 830 845 469 623 13 453 643 69 391 864 362 358 650 760 178 966 500 461 655 38 23 714 282 124 295 29 128 780 240 6 201 384 143 138 490 831 351 340 179 427 530 384 476 32 999 600 243 145 11 433 780 582 66 273 611 887 22 171 240 793 904 983 836 409 227 878 165 457 449 558 789 231 581 348 211 875 653 867 140 653 888 120 912 359 182 540 351 373 177 866 411 388 938 424 118 133 120 436 432 27 105 553 522 887 930 598 143
4348 24
28 4015
12 3900
24 2543
27 4080
30 1773
29 1965
11 2562
4 3167
9 3660
6 1729
37 867
1 662
13 2173
15 3155
32 1236
0 3410
18 1224
21 1994
14 3503
10 3665
17 1024
36 2666
31 3132
34 828
3658 14
1 743
26 2884
18 890
25 3024
8 1776
22 3343
14 1241
33 222
17 362
10 3096
16 916
31 3630
34 253
0 3003
3277 8
17 2961
22 708
16 1679
0 1864
25 780
18 1500
3 2246
20 1503
2302 20
18 2257
26 1485
31 2090
8 1473
21 1216
24 147
28 128
30 1545
9 1126
36 192
11 212
34 600
6 419
20 91
0 1254
25 763
22 556
10 1366
12 94
1 736
4530 20
2 2570
4 3763
6 892
33 4509
14 3765
28 3363
27 2964
31 1131
23 771
35 4435
36 929
16 1139
0 93
30 3004
25 1491
8 3738
19 2390
3 1658
9 571
10 1334
501 16
15 146
16 85
24 355
3 393
8 394
30 155
33 264
37 450
2 195
34 42
12 397
22 437
39 473
18 159
13 398
7 100
3112 24
20 2753
2 2586
3 2424
13 1327
29 3095
28 367
10 2903
37 1348
11 2918
6 2393
35 1071
21 3026
0 493
7 2801
8 1751
24 2230
5 2881
25 2186
39 2664
16 2434
26 921
9 290
33 95
12 2716
3099 18
13 2106
11 1577
3 239
37 2250
22 2913
32 2047
26 636
31 2907
24 2773
6 2321
21 1612
38 1299
14 1854
5 816
2 2949
35 413
39 1218
8 1638
1592 20
0 1484
19 1280
12 68
22 989
26 1376
2 1366
23 108
8 763
33 544
30 1011
29 163
17 460
27 1097
38 1267
16 578
4 444
24 696
20 1384
25 496
6 503
4447 11
8 3116
2 2338
1 3343
28 67
14 1393
34 3131
15 1224
4 1637
38 2407
20 269
19 610
4276 18
10 1383
26 1293
25 1009
8 1853
28 1261
12 852
15 901
11 4216
33 3889
32 2750
5 870
24 390
16 1193
35 2205
19 204
22 3152
31 2217
36 1980
3271 23
18 596
28 848
24 1107
1 1584
9 1905
10 1516
22 1821
39 2616
8 3258
33 128
21 1407
0 3007
20 176
17 428
32 459
7 713
37 1953
26 2905
25 1189
29 2850
35 2992
23 1387
13 1584
4230 25
25 948
17 1594
19 23
29 1416
24 1394
33 2530
32 127
28 3037
11 1146
13 1120
30 808
15 1082
20 3949
26 3083
7 1957
16 2730
1 1287
39 630
22 870
38 3151
21 1757
6 2092
27 1828
34 2695
8 1391
2713 8
0 1167
23 729
8 781
7 1117
5 279
32 1987
31 892
17 712
1083 20
19 702
7 185
15 419
20 127
6 902
38 931
29 481
11 456
9 611
2 273
0 358
31 401
22 752
16 348
35 597
12 48
36 144
33 585
14 544
8 474
1674 17
7 1090
12 17
22 93
36 1438
14 139
28 162
10 1159
18 326
24 145
30 462
37 73
0 28
21 357
39 719
15 162
32 611
29 489
3381 17
28 995
25 1522
24 1899
5 763
22 1269
3 2628
32 901
31 547
6 2796
27 1702
0 3352
1 337
26 2878
9 2549
16 579
13 338
39 1156
3485 18
3 1750
10 3251
37 2581
0 846
29 1210
8 2550
30 1609
27 3006
31 1490
24 994
35 2867
28 511
19 1092
39 3379
33 2634
17 3456
23 710
4 466
4882 18
5 4845
38 4069
1 4022
11 2763
0 1038
34 1750
31 6
33 2571
21 1851
13 3774
3 4285
27 385
14 1895
16 3098
22 4346
20 3992
24 857
37 3573
4910 25
10 2243
24 3868
0 910
21 4555
35 2172
30 486
12 1206
11 3374
7 2771
5 3549
36 2270
3 3067
25 1410
13 2699
33 3346
37 4454
15 3062
26 1056
38 133
16 3860
4 556
22 4059
20 2088
28 4080
18 1664
2292 25
16 1904
37 1894
23 1368
30 249
7 740
1 1445
26 902
3 2184
27 1501
9 1555
31 731
32 1816
6 308
13 1296
25 684
15 1018
24 2129
28 95
38 2236
2 374
19 1610
18 581
11 664
4 1943
21 1090
1956 8
36 1668
18 203
8 712
2 1467
12 1366
6 263
32 144
34 1420
2043 23
37 1182
38 1339
1 411
35 281
28 33
12 1926
33 1444
26 24
27 986
29 628
3 252
5 119
13 682
0 972
39 452
15 456
10 55
19 1957
7 164
8 702
25 833
14 152
2 1854
4698 11
22 698
24 194
3 3863
26 1346
34 3755
33 3844
18 2461
4 4128
5 2768
36 2536
28 3859
2354 21
27 1564
9 1897
32 1446
28 715
0 1813
20 2089
18 1443
2 1831
36 1327
4 404
30 584
8 29
13 766
34 805
23 244
1 1124
31 1304
33 481
24 1938
11 2119
38 2259
1793 18
13 1787
16 1338
36 1601
14 686
26 1371
18 577
1 73
32 1272
5 440
39 1585
7 1537
34 975
30 88
8 498
9 240
19 511
33 1058
0 552
993 9
31 77
2 816
17 92
28 846
9 21
7 317
26 253
20 982
13 492
1627 16
33 618
24 1415
26 1233
9 651
36 136
20 153
6 748
19 719
22 888
12 1427
39 484
8 982
21 1403
28 1068
15 1309
3 922
2870 23
36 1628
21 1801
26 2659
35 714
39 1892
0 1816
2 453
22 2206
17 1085
4 1529
20 2144
9 2766
13 462
37 1733
14 488
19 83
11 1319
24 2629
38 2016
29 958
34 2473
30 2596
33 1332
615 8
35 580
30 26
5 452
2 118
16 121
15 520
26 447
10 150
3309 22
22 1235
7 2065
28 1390
38 3050
19 1889
34 1790
14 1527
15 1108
2 336
31 402
27 369
8 1921
21 1618
9 2917
25 2027
24 99
29 2634
12 2785
4 576
18 2626
16 3039
17 192
2696 12
26 668
16 953
2 1276
3 878
34 1738
28 2101
33 1514
0 318
5 21
1 1671
27 826
29 2120
1032 8
19 973
39 417
37 187
0 990
6 552
14 963
34 798
35 572
1245 18
37 1019
26 1051
35 253
34 825
14 752
16 996
5 590
38 1204
1 399
31 443
11 1003
10 955
20 607
32 934
29 308
13 796
33 440
39 875
3391 24
3 1433
24 1741
35 75
8 1252
15 3016
25 203
36 2869
26 2700
32 2860
38 1325
4 14
6 1092
28 613
12 589
21 2158
37 733
19 850
18 487
9 209
16 467
22 2499
0 1044
13 3196
17 1359
4152 17
4 3499
26 905
39 3949
36 1916
12 3910
0 758
35 2189
15 3534
10 3507
5 2391
6 2324
20 2076
32 3770
3 3067
19 2054
1 997
8 1699
3660 11
8 2489
9 208
21 2688
16 1021
38 287
19 2639
1 2251
0 3247
32 1701
13 310
22 2785
4024 15
22 3282
29 1807
34 1127
12 2140
37 3744
9 2540
4 2294
33 2444
10 2841
11 1863
16 2270
8 2545
24 3651
36 2573
21 2117
1047 25
22 554
30 1035
9 6
17 813
21 224
18 831
12 737
36 766
4 459
28 179
23 550
15 71
29 541
20 266
32 537
2 522
35 864
34 739
26 1030
5 28
11 693
6 378
13 304
3 874
33 787
4511 20
29 736
28 3597
8 3585
20 2900
32 1479
0 127
27 2680
35 2840
16 3468
34 166
18 1464
13 1450
2 92
21 2995
24 4043
33 1953
15 3024
38 2870
12 69
19 2028
3915 17
26 1740
29 3639
33 151
25 1773
8 1025
16 3319
20 1789
34 1532
36 817
17 2533
10 873
37 3283
28 3241
12 2610
4 1718
30 2671
19 1169
2270 25
18 1375
20 1490
17 1035
8 1054
1 2052
2 1955
38 1263
35 1462
24 1476
15 1533
36 1991
21 1472
5 156
13 1350
10 2071
12 361
26 2133
16 385
22 910
0 1422
34 1888
9 502
4 1147
25 546
11 1841
619 14
18 29
37 555
32 432
7 144
15 328
3 526
34 363
33 608
36 31
5 547
21 380
31 68
11 250
13 590
882 18
4 129
11 277
12 292
8 77
19 773
15 398
29 49
38 18
13 740
24 746
9 76
5 700
28 187
27 316
23 754
2 879
14 553
16 24
4803 22
37 1229
30 3838
8 4598
29 2183
36 1312
7 813
3 2141
13 4085
2 211
39 3172
0 239
28 4345
20 2512
11 1099
1 2899
31 3230
5 487
10 2146
14 2031
34 2958
25 4301
24 4634
3705 18
28 1386
3 1783
26 2824
0 2426
36 2108
31 661
33 2218
14 254
30 1873
4 3324
11 2589
2 326
38 1493
23 3166
13 2595
19 1736
17 1756
15 896
1724 11
7 477
20 1252
25 57
18 671
11 1716
13 1716
32 1422
21 1004
37 1625
24 525
35 1148
4186 8
11 3613
35 2464
25 2587
17 3895
20 84
39 854
15 1311
30 3829
535 12
14 269
20 85
5 20
11 447
31 366
27 473
9 297
16 502
33 476
6 466
22 504
32 101
811 23
8 201
20 200
13 332
26 736
27 759
16 688
21 594
19 6
35 79
7 129
38 734
0 266
22 111
18 116
30 393
39 16
10 70
9 106
11 171
3 774
37 432
29 544
34 134
3732 20
2 461
12 2904
17 1615
15 933
8 1139
26 2707
0 3614
34 1083
21 1494
28 1098
36 384
3 3139
29 2511
32 375
25 2484
18 2551
14 281
5 1120
7 359
10 373
2864 8
9 968
0 969
25 2844
15 167
38 1641
10 2465
24 880
30 2734
1980 22
25 43
12 1596
11 1312
39 1365
16 1018
6 123
32 205
0 697
8 604
31 522
2 1772
5 1271
29 1406
17 973
7 1019
33 1771
26 192
20 892
37 1723
24 52
15 370
34 221
1281 13
3 27
5 451
20 422
36 1013
0 229
29 1192
32 353
6 892
22 386
39 1233
31 1040
35 915
13 937
2460 15
18 151
39 413
23 1412
2 83
4 228
1 1263
6 1505
17 2095
9 141
28 1128
19 418
7 113
20 1989
34 141
11 1832
621 8
21 126
0 515
32 453
20 295
12 522
11 186
2 70
23 580
2737 25
0 2583
28 679
15 2601
1 1229
20 422
7 531
25 254
26 525
29 66
2 771
6 744
22 2288
24 892
36 1182
37 1915
3 476
34 2690
30 915
16 2443
4 2689
12 1667
27 110
35 2716
11 1533
32 2145
4060 10
1 2722
24 1618
17 108
13 1157
18 3914
21 3911
39 2088
32 1799
10 2078
26 1799
1311 24
3 1042
26 378
8 450
28 764
16 1175
38 28
13 1142
36 632
39 1202
7 571
22 659
11 1243
4 1247
0 1115
35 363
23 925
17 739
6 1157
25 819
32 582
2 38
27 441
1 1104
31 1277
2084 10
31 1276
32 311
29 1702
18 1064
27 1026
11 1211
28 1967
33 218
20 426
38 445
3890 10
22 628
29 1161
9 3486
33 2461
13 580
20 2888
18 745
28 603
1 3839
37 2334
635 14
0 541
24 524
26 327
35 192
3 455
19 20
33 89
28 534
27 481
18 581
4 194
31 202
12 155
10 160
666 22
9 404
26 211
37 411
18 484
15 150
23 645
31 595
20 229
10 404
16 122
1 632
30 526
13 335
3 244
24 257
0 523
14 6
33 244
39 542
36 357
17 445
19 438
1616 19
2 341
7 921
1 188
12 193
26 1137
15 221
9 255
27 1087
39 1139
10 411
24 323
37 150
4 80
30 1184
28 392
18 30
19 748
16 1243
34 489
3810 22
15 448
29 710
0 227
33 1466
13 2795
32 2390
7 3289
2 3209
30 1480
22 1804
23 2205
38 2413
34 206
25 3182
20 1071
37 1819
9 1402
17 364
16 1320
19 2528
5 2356
4 2137
4780 8
19 3766
26 4158
20 3489
8 325
33 4129
13 3169
22 4048
9 107
965 19
20 738
22 869
25 843
5 658
28 948
12 690
14 360
1 900
36 644
35 349
31 319
32 594
23 606
0 871
24 896
34 327
13 590
29 144
7 912
2081 23
13 1423
16 705
21 1958
29 900
19 697
23 1343
20 1982
28 2049
3 576
10 666
6 1679
35 960
36 1841
9 1356
18 1885
25 1226
7 293
1 1737
39 903
15 925
17 575
38 1305
37 1844
3082 22
3 2307
37 1052
25 1134
5 2225
38 1762
12 515
21 725
36 2169
22 1652
34 1492
30 750
18 2079
32 1554
10 2387
33 1682
9 1717
35 859
4 2661
13 948
14 2102
15 1379
0 1235
912 16
4 513
8 427
3 125
26 280
36 741
25 898
1 538
11 286
34 41
20 734
5 682
17 401
13 379
7 520
10 635
16 141
3160 22
30 2705
37 561
20 635
39 322
10 3090
23 2521
1 693
22 1423
24 2686
11 1773
14 2138
17 1592
0 1580
26 1108
3 865
16 72
32 587
5 616
9 679
25 1316
27 512
38 1316
1312 8
29 759
32 347
14 298
13 494
38 105
35 531
12 1073
2 152
4576 19
16 2199
31 1037
17 2569
18 1213
1 2758
0 723
9 2172
29 646
33 2352
35 853
3 1974
23 1177
37 4110
14 284
7 488
25 4097
27 1503
34 1842
2 1572
3027 17
3 657
31 2882
22 190
4 2055
20 1988
23 833
36 2483
26 657
10 2821
29 2336
33 929
39 880
1 639
11 632
2 1192
32 254
19 2695
4478 25
25 2100
20 2589
13 1151
0 3404
28 2974
1 4018
14 4314
19 3524
17 387
31 1799
37 2250
33 3387
27 488
15 2672
16 3399
4 275
26 3462
21 4055
29 624
8 2762
5 2870
6 574
30 2537
32 1718
3 442
583 23
13 516
4 333
17 408
38 486
35 13
23 159
25 543
30 395
19 201
27 334
1 129
36 402
8 357
16 371
14 237
7 329
11 324
28 318
18 517
34 281
24 478
5 61
2 420
2804 10
7 386
39 1088
24 1840
6 858
32 2547
28 201
30 536
18 1251
35 334
21 1202
2951 25
27 261
0 864
15 332
7 1199
38 684
2 1156
28 2008
30 2802
18 585
21 610
17 2722
13 2227
9 527
22 1614
10 2505
23 2869
6 2881
14 741
16 2300
5 1950
11 1432
20 436
4 127
29 406
35 1849
3867 13
27 683
13 1600
24 3410
8 2254
16 2508
6 3372
1 2813
36 162
26 1362
22 407
11 1013
2 223
0 2016
2848 8
2 1199
14 2509
31 2517
37 1068
33 2192
17 2541
8 878
21 1595
557 27 9188
689 0 6351
539 57 6659
642 18 6551
322 34 2192
367 48 2179
717 39 539
60 15 4343
437 21 5011
302 35 1099
756 54 1808
145 67 1076
49 37 9944
600 29 9238
160 54 7458
204 10 4043
319 53 8620
132 77 204
384 43 7239
763 20 4356
669 72 1242
198 38 2565
686 76 5041
298 27 4545
392 23 6197
194 58 7606
766 79 9373
243 12 3454
722 49 4867
651 46 1820
694 77 12
169 4 6732
173 78 5473
623 38 6933
645 54 7169
425 43 7525
12 46 1322
651 39 3732
271 22 1743
163 72 3886
609 27 5193
461 78 5870
601 24 7384
522 65 7165
89 51 5412
23 53 8412
723 58 7137
768 34 6532
762 40 6856
661 2 5070
427 27 678
323 27 7168
521 23 7385
633 21 6274
648 41 522
25 27 4570
509 57 2627
425 28 1615
390 76 3207
114 10 9507
343 61 2863
154 24 3587
360 26 8702
77 19 2394
212 31 9653
115 30 8653
765 20 5715
691 50 2556
738 2 6347
745 66 9129
596 1 908
285 61 2917
725 23 8593
152 65 8588
189 36 9093
614 25 2127
9 38 7856
3 0 5126
355 57 5626
310 41 434
613 21 1193
70 18 4993
333 39 9907
137 45 536
411 43 6196
509 70 5806
773 39 2691
1 20 860
42 9 3827
642 63 115
234 26 5910
438 40 9339
677 76 1331
582 63 1107
369 79 4512
484 49 7866
179 8 3649
242 5 3571
533 46 374
324 46 9054
417 15 2017
735 61 1858
66 54 7106
498 8 8323
628 64 4987
29 15 5464
775 49 493
716 57 4000
374 58 3084
770 0 5119
696 34 8154
243 29 7692
491 41 7847
256 73 6238
603 78 7476
111 35 4486
69 24 7651
303 58 8015
605 47 104
504 3 2024
734 72 1627
308 41 1050
459 73 1878
459 25 4509
698 14 8609
653 50 9821
740 75 4114
90 32 1620
322 24 9536
798 6 7838
15 11 324
259 46 6537
45 2 6992
651 69 6480
142 14 5501
652 54 8709
218 71 5454
300 61 4267
460 62 6810
212 32 4845
791 74 84
506 5 2794
665 1 572
267 38 3501
691 40 669
279 47 468
744 29 546
524 70 1473
434 32 2501
154 28 3681
12 6 9565
411 35 6043
769 68 5094
283 69 8502
65 9 9277
108 5 8135
262 25 1484
12 17 3579
332 58 9774
258 32 1414
465 19 9109
669 20 2173
301 21 8009
69 79 768
45 39 7149
365 60 5677
735 3 7948
18 34 2629
294 30 5986
280 10 22
243 63 9361
18 8 9868
578 70 6566
462 12 1552
487 63 5408
729 60 4401
573 77 6448
337 21 4290
385 6 6197
665 13 5415
423 26 147
43 11 8994
576 23 1767
701 4 9413
700 60 7393
301 28 7267
722 73 8026
189 67 6752
493 45 7499
94 15 4648
652 37 8114
103 9 720
157 1 4185
16 45 7499
317 19 4411
530 4 4332
340 69 4898
659 49 6084
759 62 605
219 73 5727
606 7 2652
678 16 883
234 51 575
303 16 9841
552 0 8624
510 17 3530
697 54 9789
350 43 1920
777 0 8011
389 71 4403
98 34 9211
566 25 6135
293 51 8415
752 52 2775
401 64 4465
647 62 4552
368 55 4680
653 54 8448
561 39 9969
67 40 7309
416 15 3255
650 57 4652
353 53 3144
423 31 707
557 67 658
146 43 5567
652 63 4884
241 40 3221
546 29 3300
530 22 2582
467 7 7768
158 61 779
239 13 8571
699 41 4900
447 42 3185
415 34 8106
120 32 5016
687 0 1991
593 27 775
798 61 2751
430 5 1095
144 47 1443
538 51 4520
333 37 5345
205 43 4598
320 10 8149
343 44 3018
760 70 9505
562 41 4013
515 7 3982
614 30 7461
747 26 5026
280 72 3341
27 10 8424
5 59 5662
431 49 3180
392 18 712
362 70 2389
180 20 8939
661 55 3627
77 6 6964
383 25 3948
77 12 2998
203 73 9769
708 35 121
48 71 4429
126 65 5104
562 37 1670
147 74 4848
477 65 4925
577 77 8228
423 26 3024
470 67 7233
587 47 8577
377 8 6989
331 27 8606
85 21 8567
138 76 8501
40 69 4505
191 12 3083
613 28 4986
500 67 2392
388 29 1601
155 50 1951
81 4 5075
675 71 3414
524 13 9762
668 61 7201
220 77 1502
11 3 1281
310 31 9049
361 72 7507
696 42 3801
303 22 4173
181 17 5250
697 44 3443
121 27 9498
367 23 1803
548 10 7556
756 65 5618
230 45 6459
741 31 1135
388 39 6369
609 55 6226
702 36 6700
29 2 7872
88 41 2292
744 61 7123
538 53 4938
479 24 276
442 6 242
375 77 6180
301 22 6840
49 63 9730
662 25 5816
133 29 9935
117 73 1751
261 26 1959
290 13 4631
556 25 7400
70 5 6918
563 79 5680
650 78 5515
554 9 853
618 58 6201
683 12 2182
744 0 1671
29 3 3284
673 32 5409
431 8 4034
531 1 8750
69 64 7995
450 54 582
551 1 5092
180 15 2875
369 16 2688
85 8 8257
539 57 980
214 10 2176
292 53 3411
17 69 735
387 14 4402
503 12 7979
224 46 1595
2 0 7776
711 6 6522
207 44 7170
489 25 667
747 79 2429
347 31 6783
399 17 6094
442 46 4004
2 63 2293
619 17 320
340 39 9478
384 57 3253
256 3 5940
620 27 4371
742 51 6073
239 77 6892
351 64 6394
575 25 2105
125 49 8909
784 1 4190
242 72 4118
79 30 2940
548 79 5374
691 50 3532
209 58 9804
194 50 4004
1 26 7307
731 45 6468
758 44 5724
737 41 5418
582 22 4484
593 22 2554
457 79 8637
581 3 4154
490 70 793
641 44 9680
304 40 4105
699 71 5189
132 61 4120
733 42 1532
752 31 2673
526 42 1023
409 10 2175
735 23 1242
758 72 8539
564 2 7641
186 33 863
282 12 9147
504 74 5874
58 76 6114
137 65 362
791 20 2855
415 39 4867
750 28 8066
285 55 6181
228 6 7513
658 62 4880
236 62 6231
761 79 24
495 42 6009
250 48 9245
453 15 7373
203 58 2804
758 25 981
380 33 8022
489 14 5694
387 26 683
280 7 7897
570 40 5775
360 18 5327
99 79 8413
736 76 8719
552 49 6086
71 16 1784
699 29 9785
234 34 6389
655 16 2013
690 5 4778
683 37 7119
532 56 3521
80 7 751
614 78 3454
2 21 2952
452 15 7710
233 64 5499
384 25 8968
115 33 7199
85 16 7795
81 17 6642
317 58 6734
139 44 6203
201 37 6840
528 74 3032
481 40 2557
625 70 940
541 2 1010
534 25 777
255 36 4463
115 74 9751
196 55 6800
365 19 3862
401 78 1299
289 12 972
620 27 6999
51 51 1911
76 56 3870
376 77 4775
34 30 871
534 22 7691
358 46 3096
520 52 8574
230 14 5072
570 7 821
165 77 6625
265 40 1968
462 59 3640
621 76 2916
698 15 8202
279 59 8823
430 21 6607
187 78 9984
13 74 858
648 23 8597
676 52 4667
199 61 5819
548 71 5379
133 43 123
586 73 9679
709 77 3646
140 54 5799
123 16 8948
791 73 875
219 4 6196
5 27 312
126 67 4863
775 18 1562
621 32 127
414 65 356
202 17 9790
546 23 2110
550 14 8563
383 60 3706
760 26 5659
373 56 7759
163 77 7095
291 65 7429
272 78 7060
698 60 5300
38 63 2143
255 55 3513
522 25 4627
26 66 4001
50 8 1840
473 23 1330
67 10 4308
256 52 681
792 73 2204
750 49 7819
511 26 3924
14 64 5091
193 22 541
48 5 8459
466 7 3138
478 35 239
312 12 1036
632 33 8595
506 12 5238
420 4 522
142 14 4482
568 50 8781
681 50 8534
566 67 5872
287 69 4231
577 33 5271
320 36 4303
299 62 7179
10 54 6246
539 60 1034
277 37 2490
733 56 1166
491 43 8720
424 68 6160
305 62 7943
539 75 5968
450 43 6837
1 40 2109
784 23 8843
717 52 8890
753 48 6291
223 41 200
366 18 1718
599 27 4285
303 65 6064
55 61 1553
560 54 9339
295 54 9042
591 35 7131
4 78 573
67 30 3753
576 72 5153
269 22 5945
740 79 4562
23 4 7074
398 77 270
426 23 2653
137 41 6591
394 44 3290
574 11 3704
521 28 3284
759 0 8367
373 46 5957
368 67 5355
361 14 467
43 56 4287
474 23 5161
681 66 4689
193 75 7850
611 20 1606
162 40 7214
82 79 3986
224 0 4027
60 3 5836
767 78 1346
56 70 4241
516 78 4301
738 40 2550
402 70 9137
719 29 8090
483 49 6780
458 73 6237
24 18 4504
238 61 5374
650 63 8316
55 48 7762
428 15 4068
744 28 1864
760 18 3384
503 15 9239
702 37 5951
396 78 9122
177 59 8548
401 4 2539
615 9 488
612 78 2910
34 2 3612
350 58 6152
389 19 6630
5 71 7561
83 6 2904
151 31 498
505 66 6655
327 79 5995
380 0 4578
290 58 7084
427 16 5894
535 47 421
503 55 4543
309 79 2359
743 20 399
360 79 2503
771 23 8477
627 16 3350
114 56 9733
720 65 6661
251 49 1759
291 68 6056
189 70 6061
471 21 5097
214 23 8972
373 12 7541
107 27 6127
26 18 677
267 78 1372
434 24 9346
463 44 3303
236 51 8237
636 37 1057
298 34 4102
245 0 7598
30 41 3775
546 66 2135
481 35 9282
580 9 992
566 77 6808
767 1 7614
635 62 3780
290 74 5941
796 45 595
631 64 7876
615 54 1958
413 30 5922
782 28 7935
637 40 7582
451 19 3345
572 42 8363
509 76 5005
338 58 2667
76 67 4573
392 72 8050
646 55 6352
429 57 2194
243 20 5542
445 59 5731
604 76 1457
777 22 7141
550 73 5927
477 73 5733
80 59 8195
26 12 7118
270 56 8875
716 46 10
231 71 2841
365 2 90
95 29 9299
283 57 9292
784 53 3937
398 26 1253
58 66 737
67 47 8166
741 30 2321
144 49 3030
11 0 902
469 76 9475
170 57 8415
240 10 3825
417 13 2169
353 27 2272
560 24 1982
765 33 2927
684 45 9570
658 78 2953
429 66 754
745 41 5867
360 29 2116
474 16 1625
576 3 9718
109 31 9112
740 27 8261
350 64 2266
395 63 709
31 0 9168
523 62 2944
555 66 2851
553 18 8525
31 33 4275
573 74 653
190 20 5862
108 17 2902
323 12 132
516 19 2679
178 36 9259
324 11 8672
507 74 7952
698 73 6522
242 74 2333
419 78 4175
336 3 4768
614 35 2416
25 64 8499
53 59 7854
229 54 2453
673 9 7935
519 44 4355
429 17 634
193 17 9469
176 0 7724
544 78 46
549 60 4856
716 47 9869
434 4 2806
394 24 427
383 14 4941
51 11 1619
335 27 5206
178 43 7074
429 76 956
327 37 253
269 6 9578
611 24 3971
228 48 4819
19 23 4576
605 6 9782
228 10 8558
542 67 5653
750 31 9043
708 44 2247
367 58 1183
88 8 7338
12 20 1222
543 30 9365
698 65 3243
640 12 6849
290 71 2819
302 75 8886
652 2 9537
486 3 5769
113 68 7860
592 23 1165
205 73 9603
151 19 9301
683 47 2249
759 34 3063
8 10 3094
249 19 5852
218 16 3865
61 19 6490
162 26 9541
259 20 5289
130 9 3987
669 2 1025
527 4 1927
102 47 7748
551 23 2142
516 62 3532
9 7 8498
271 24 6188
789 65 9236
514 60 4238
16 70 5110
169 33 584
380 66 2684
537 75 3173
321 78 6135
74 50 6947
589 77 8073
215 22 2517
309 29 831
564 69 6137
183 15 8262
298 60 5932
173 39 7241
491 26 8279
673 61 7778
716 39 2568
66 56 6076
792 62 6882
798 58 4612
8 59 2592
342 56 1837
44 48 187
17 36 9323
762 76 4548
140 25 4124
35 28 2473
489 74 5482
121 68 6659
507 30 3729
175 77 9190
287 3 9117
336 52 8560
286 62 8819
276 27 1066
111 22 2131
187 35 4269
8 16 1366
253 4 7987
401 68 1534
744 4 2463
288 78 4881
328 66 7070
662 29 3445
67 76 4890
403 20 2314
198 57 3629
363 76 3673
421 62 790
532 13 6100
780 62 5190
107 79 5981
309 46 2462
501 9 2344
347 39 7954
164 24 9227
427 44 152
516 34 8316
90 21 771
203 23 9123
760 33 9947
431 29 5890
488 29 8414
354 15 4458
133 40 8840
493 39 7355
565 7 6618
197 8 9791
123 52 2432
80 36 7514
466 19 261
555 18 4284
449 39 9218
756 33 433
308 12 8681
400 73 2656
568 61 8866
455 31 949
538 23 4857
81 59 4404
6 46 5087
12 45 2258
347 23 6421
40 22 4304
388 70 9825
172 19 927
697 22 3165
778 3 6562
283 65 351
748 31 8438
676 41 5318
132 7 557
550 21 9044
797 46 2348
585 46 6059
514 40 6329
182 58 1935
381 55 3899
607 79 1689
574 13 7969
789 18 1914
85 30 1601
664 78 9976
755 32 1980
424 9 1351
71 32 5496
106 21 4958
213 5 4097
144 56 6400
222 38 8057
22 71 6038
614 6 9646
391 52 220
131 59 6940
674 6 9100
697 71 3954
623 50 4771
332 30 2091
298 33 499
208 41 7224
633 67 4990
613 52 7706
690 3 3284
312 60 9009
615 78 1187
250 48 7642
314 1 2151
322 2 7668
298 55 9377
622 46 6565
61 28 6576
496 54 8337
466 5 7468
214 68 2168
443 10 3516
558 70 4152
787 13 7214
177 56 2141
594 61 6908
275 30 8946
634 27 121
82 3 9395
293 77 6748
498 56 907
797 47 416
531 35 9542
221 2 3603
294 57 6691
40 5 6799
799 24 8167
751 50 9152
718 7 3229
233 4 5350
606 24 8730
178 38 6764
494 8 6928
644 65 2398
266 24 1926
5 3 8432
217 61 8356
248 79 6862
466 74 5585
563 47 5903
300 58 8558
459 79 9851
677 38 1130
334 40 8187
70 11 1052
189 4 685
121 67 7872
404 56 7639
587 74 2275
25 9 9205
659 29 9290
208 79 9112
296 13 6868
507 54 9489
184 23 909
241 40 2954
17 59 5792
86 42 110
60 76 6077
324 3 9025
303 47 6217
110 60 1202
426 23 8168
138 6 3190
488 8 5487
383 31 1253
596 24 3490
26 41 9004
679 30 591
764 50 1841
309 19 6269
458 76 1588
792 49 7826
304 71 6780
734 45 7334
593 70 8868
288 47 6747
38 29 6430
730 27 7014
175 65 6442
275 39 1390
100 42 6147
508 70 1271
36 66 7029
137 36 9646
126 22 1558
308 32 2099
81 0 477
67 23 5083
716 18 1669
582 23 8044
737 32 1072
593 62 6440
108 48 3315
228 58 2480
569 2 7473
707 42 7518
590 73 6475
223 37 9950
110 41 5192
127 58 2449
632 67 7748
659 31 2447
101 27 3517
485 40 1963
656 61 7831
5 1 4799
274 36 733
484 37 6720
461 37 9362
131 46 5414
588 7 7166
220 74 4457
686 18 7550
88 24 6595
26 41 1623
108 25 6354
479 48 6931
413 61 8948
195 70 1992
109 11 4079
722 16 4161
426 28 2925
396 20 517
329 39 3065
307 51 5642
114 20 9410
754 14 6625
786 58 4219
397 18 2392
157 15 4816
412 38 7484
555 68 3362
530 50 4567
190 35 196
521 78 7000
219 46 2982
371 41 1441
683 19 5874
132 18 3858
136 78 8627
468 71 754
15 59 7305
333 20 9381
36 29 6975
251 65 4947
56 50 2599
308 72 3871
220 48 6728
735 68 5062
109 45 2770
232 32 3867
73 18 4512
111 53 6368
70 70 7302
610 47 7858
97 75 4912
691 28 7709
85 24 4622
442 14 8746
19 9 4931
223 18 7783
638 2 9238
229 71 9792
320 34 4242
142 13 4608
661 65 2787
683 16 833
684 52 2695
456 77 668
396 0 2445
166 17 1042
683 37 3236
341 42 6263
296 22 5307
34 63 3237
310 30 6159
645 16 8923
408 56 6950
251 50 8242
55 21 6691
422 46 7899
434 45 3297
203 72 6390
385 52 5637
718 44 7732
125 63 3681
606 3 6622
248 69 2622
725 75 1346
580 18 9031
296 59 731
668 7 3803
268 17 2031
122 57 4365
224 33 5651
156 18 6160
433 9 2249
486 26 2594
76 45 4324
22 48 8034
509 49 5651
648 2 5477
486 27 9560
623 76 8466
4 30 1911
671 12 8764
424 41 1607
729 46 2594
45 7 375
654 58 2945
188 2 1217
324 66 9518
602 65 1718
517 40 3700
40 78 3299
628 54 5074
701 10 5011
373 67 3888
374 9 3052
379 25 5506
139 49 9351
785 23 6638
91 61 7246
387 2 6142
301 56 2382
732 55 3106
42 33 7023
374 19 8496
261 7 5885
710 3 5819
494 79 7930
545 24 2513
400 39 944
793 14 2751
650 62 6308
60 34 8772
661 17 7294
315 37 8913
629 78 991
689 72 2789
99 27 164
691 8 2064
156 9 122
452 74 175
181 7 9482
780 50 2360
107 8 8928
784 53 3129
384 39 3808
251 39 9361
363 27 6753
239 35 5808
509 66 8687
495 76 2178
691 61 7779
543 37 8973
768 30 6105
509 17 5231
508 9 3343
753 48 4124
463 4 6325
720 11 5206
287 50 1795
538 68 8504
142 14 7291
214 45 2450
600 74 9705
321 32 9041
576 40 4125
747 13 153
624 34 211
21 59 706
180 15 9077
630 28 9705
235 78 9425
16 64 1483
289 63 5099
170 43 8579
782 79 6728
104 38 529
210 75 9153
659 0 1267
436 53 2245
497 2 7473
596 70 174
45 55 2283
430 73 8574
356 71 1154
512 57 2756
780 49 927
190 27 2037
778 6 9626
443 32 1387
720 62 8748
370 11 6603
188 68 5623
514 12 7169
593 26 5908
154 45 3450
21 55 480
114 78 4905
638 64 6009
350 67 271
461 69 121
369 28 107
81 48 7497
522 4 6793
541 16 9080
331 37 7157
757 43 5187
775 75 8384
641 20 4504
300 0 7238
661 41 9295
700 66 2406
103 72 4810
148 75 5008
406 26 6879
502 8 2064
213 2 4856
624 4 1213
200 16 6014
236 79 9442
57 46 2965
737 49 5100
217 61 7004
532 42 7554
22 63 4041
314 9 9620
584 68 3862
775 44 7789
343 70 113
66 54 392
799 67 6390
690 52 6179
245 69 1020
430 55 8975
647 5 8814
543 3 5269
344 63 5103
767 49 5499
81 11 724
729 68 5518
404 53 1433
762 64 2249
694 27 9005
746 36 136
254 29 2572
57 27 6866
712 36 6677
13 20 6292
623 69 6709
465 54 5058
55 4 332
610 66 7589
574 15 7620
620 59 7924
617 41 4464
251 32 7799
256 50 9369
678 19 6209
317 52 1370
142 19 3869
254 10 8571
50 4 4210
328 44 1045
330 13 9774
516 76 3367
360 50 502
98 46 8950
532 49 4218
275 12 6707
318 70 1248
369 40 3095
484 10 2320
555 23 2843
118 46 5117
128 47 1115
160 20 3640
677 66 7510
389 42 5082
553 30 520
374 8 102
274 39 5225
624 35 6077
794 42 2067
396 31 435
783 75 1979
487 36 9071
362 64 4745
462 51 3674
424 18 9322
314 50 7578
557 79 3597
293 45 36
150 32 4087
621 49 7295
330 2 7209
434 50 2392
189 65 3319
244 79 8239
205 35 4784
413 47 5856
783 32 7695
565 3 5735
382 27 6254
339 64 9209
450 18 9510
611 68 2281
464 38 894
690 11 4689
670 59 1162
300 71 609
242 39 7062
445 58 1858
539 59 7237
85 28 6021
507 57 6791
743 9 4877
102 72 6898
110 68 4577
600 22 5855
518 15 3512
662 3 2752
574 43 6132
12 72 1700
520 54 6438
690 31 4769
502 26 345
483 70 1733
480 40 9464
770 53 1804
712 13 5888
365 19 9932
722 48 5168
142 3 6392
628 47 9907
637 17 8642
705 7 2266
574 19 3788
292 69 8898
629 8 1697
486 71 9503
35 42 4061
465 44 9286
473 64 3062
764 30 7258
699 55 5825
195 78 2837
163 55 655
312 67 9945
723 37 7064
24 43 6297
422 46 1902
130 73 3701
476 38 492
253 48 9188
127 44 4842
387 40 814
753 46 9016
72 52 4521
339 14 7958
338 27 953
736 71 3521
565 62 3949
379 75 3626
592 35 5349
312 49 603
587 35 9961
795 7 4674
621 55 2792
261 1 9590
495 64 2088
504 62 7384
25 76 2491
159 10 4185
485 44 7994
720 29 1693
287 17 4597
64 21 9395
779 1 8916
226 58 6843
221 13 9117
604 1 7702
627 32 4316
595 75 9178
500 33 9122
279 42 5250
398 53 7093
194 17 7785
711 12 6564
786 10 9413
251 6 5780
653 26 2087
359 29 7438
150 34 1457
109 1 5277
270 50 397
396 68 7395
270 40 8456
520 53 2589
657 12 2841
735 50 5705
491 32 3125
53 60 6849
347 44 6654
768 26 4845
479 63 1474
719 0 9063
18 59 1938
24 19 5749
55 32 9896
264 17 10
401 28 4937
757 24 5839
226 63 3466
182 52 9945
519 10 2166
332 36 5604
398 65 8641
657 68 8767
690 49 9529
95 21 1966
14 17 1840
18 35 6431
371 19 6312
788 79 7164
190 16 5841
522 61 89
666 78 3090
140 76 5231
642 74 5192
505 7 1247
528 16 676
75 66 9141
394 42 9885
297 27 342
229 1 1367
183 1 4009
146 63 2062
9 2 7058
276 42 1707
332 56 1388
21 22 5419
265 47 4785
598 78 2952
391 55 6160
593 17 3223
324 42 8590
580 8 506
577 59 3674
94 68 4748
50 54 8746
125 38 7381
301 29 5573
62 16 3457
184 15 2817
762 0 543
114 1 323
480 6 1959
623 29 4320
411 15 6784
443 11 7616
467 22 4918
530 70 7234
99 33 509
582 21 2445
655 51 7077
379 73 6888
502 59 2664
213 33 8518
646 17 1619
217 2 1698
350 68 9866
468 9 523
349 22 6689
337 59 5315
531 53 2308
397 49 2212
24 57 7380
48 34 5698
665 16 8285
449 70 5811
737 51 2561
667 38 2155
744 25 1829
197 39 290
200 20 9790
659 77 9256
111 36 2126
768 26 6869
236 12 7142
346 5 1226
588 57 4427
503 66 2510
212 2 6502
585 9 1586
442 52 9916
655 46 2797
181 26 5271
518 60 4538
36 62 4366
525 10 9476
615 65 4940
218 58 1874
649 53 2781
24 46 6243
670 77 321
596 51 9556
388 29 8521
716 57 4410
247 12 1687
477 16 504
681 29 7252
42 77 1003
793 57 8826
711 22 8848
418 23 7367
762 55 7583
457 33 6729
746 27 2737
111 5 5546
225 53 3424
717 26 9576
205 55 4809
772 8 4378
650 67 893
589 12 6109
522 26 2257
797 54 45
664 7 8130
508 16 4764
627 4 7341
406 6 6721
443 26 7120
266 28 8387
779 52 7500
422 68 3193
524 74 9473
428 14 972
639 50 4716
199 13 6263
249 55 525
773 77 6188
225 52 2785
4 27 2938
506 68 6711
222 18 5899
59 71 6085
35 57 7521
389 78 9563
544 22 5570
259 65 9999
558 62 6179
474 3 1558
727 53 3524
644 22 1643
568 58 7068
769 46 3561
283 77 2053
511 8 893
257 1 3907
301 74 6735
736 66 1556
388 66 4914
180 30 9696
310 52 6073
766 53 4602
148 61 3858
51 22 721
543 15 5443
32 39 2565
506 36 8429
307 0 585
4 32 2052
469 51 7195
106 60 3921
192 24 5828
653 77 2097
36 10 6068
270 23 458
544 51 8299
89 2 3662
264 58 4874
156 63 2811
790 62 2245
247 28 608
733 41 6624
412 20 3330
749 63 1248
304 1 1847
394 4 4619
372 8 4412
105 0 4188
792 7 1202
305 10 4500
766 44 6516
650 2 5172
6 50 2081
626 72 1781
12 7 5329
678 69 5136
262 11 4078
593 27 9545
692 36 2231
40 11 8011
9 21 6291
696 53 8793
175 35 9954
746 39 8573
709 36 4090
326 19 2460
135 42 7405
535 33 6142
429 70 103
763 14 6990
358 17 8876
319 4 1176
219 77 5212
248 13 896
468 45 4002
631 59 5740
442 7 5423
622 29 1210
289 63 703
772 3 6297
85 27 1838
59 22 3728
511 37 3539
675 49 8340
32 43 7713
417 21 9697
636 74 8977
651 17 9587
63 21 7859
19 63 7036
365 79 8666
7 4 9660
374 46 8355
517 32 3434
155 40 9458
108 71 2923
469 78 3971
38 79 1748
741 66 9345
96 49 1221
415 19 2489
586 5 2542
571 56 8868
433 45 2956
306 28 6533
315 15 3364
717 71 8832
91 32 6221
681 11 788
382 56 3956
797 39 2935
525 58 1775
28 9 6875
573 46 4540
169 16 1250
604 33 8824
405 39 3456
120 2 3425
28 24 5349
494 1 4031
720 53 8052
748 66 8387
754 19 9096
35 16 3605
568 26 9928
620 21 7004
249 65 1018
259 11 4224
575 3 5586
125 56 4679
11 43 1066
493 39 4641
253 50 1346
231 39 825
563 61 3980
313 60 2830
419 3 2450
412 4 2272
360 71 9090
252 65 9052
168 67 5815
320 68 7955
574 38 4287
12 34 4777
645 68 7388
197 77 2022
458 8 1619
728 55 3211
486 51 8643
133 25 5781
209 45 8622
363 77 5111
70 35 5984
559 12 3794
790 45 1400
196 29 7755
677 1 5424
19 38 7464
798 5 3304
406 5 6365
17 61 5588
627 72 3089
214 52 9856
145 3 5278
403 64 4648
273 13 8728
109 36 6022
699 20 8607
32 37 7715
321 77 2165
409 44 4562
351 59 5957
675 22 8693
320 33 4509
320 28 1659
566 37 8507
399 70 2515
579 30 8267
784 28 4367
343 61 9504
592 33 9341
365 47 6313
376 62 1603
375 55 4395
688 68 1879
237 46 886
137 31 9825
346 34 1353
60 43 3819
348 49 9035
191 29 1284
519 78 6229
101 14 4465
786 49 2346
462 70 4199
411 11 2862
754 16 6543
13 52 9395
154 61 688
696 40 8061
727 2 2261
50 20 4561
437 6 8211
356 20 6056
320 32 3772
395 65 6803
468 20 2292
540 35 5912
398 12 8982
739 42 3310
148 24 1383
684 0 773
3 58 6474
689 50 5307
365 26 8473
669 79 5827
581 65 3153
704 64 6984
208 0 9841
359 15 5650
211 21 3706
300 44 9997
377 38 4548
553 1 170
362 78 6944
248 48 8313
60 41 9973
428 22 1010
690 73 4367
537 75 9844
348 5 983
344 79 5772
319 26 4592
431 26 6646
572 66 4835
275 79 3827
538 15 9902
595 47 648
153 31 591
451 6 6239
318 1 3577
40 49 1663
401 76 7161
421 60 1422
75 54 9781
577 55 5068
43 53 3043
236 9 7700
312 24 8204
145 52 4631
23 49 9117
698 14 1413
196 39 3500
751 8 7217
552 45 7811
59 54 3575
563 13 5877
139 57 5742
612 6 7857
459 14 5054
530 26 4756
42 32 4131
342 33 7739
740 50 9856
319 66 9889
40 50 9117
416 66 2677
293 53 502
60 32 6640
193 29 7991
625 70 6255
417 72 1877
486 11 6490
597 1 5051
238 1 4538
66 12 9332
64 55 3905
510 42 7631
682 26 5527
385 45 6284
769 43 9620
145 9 6607
611 79 193
681 34 442
614 6 5411
741 29 6173
448 16 8626
111 68 5384
163 58 6030
519 42 4215
721 31 2742
528 14 2815
225 16 2380
358 30 5698
424 31 9289
334 36 5670
476 78 6842
427 79 8766
752 62 2355
261 45 2066
733 17 7482
789 19 2285
754 6 2187
375 54 9311
423 5 7238
67 71 2077
511 46 6620
243 40 3141
377 23 7612
16 44 3884
547 67 2792
72 34 8530
663 70 5755
314 37 2025
395 17 5196
467 1 2528
732 12 3640
478 48 8555
540 5 2752
349 8 5818
273 3 4761
139 31 3391
412 28 9638
179 63 9836
128 10 4660
235 37 5591
724 23 2363
231 38 4427
417 41 5824
216 48 2840
530 73 2321
212 14 9047
153 50 9582
374 2 8246
101 40 4862
162 52 7831
266 70 280
325 63 8376
618 26 7282
534 79 8567
509 40 2340
442 19 999
434 26 5012
485 53 4020
301 2 3526
576 76 8076
588 64 1910
119 30 3883
223 72 5630
107 48 860
650 45 8352
178 26 3028
547 26 4165
585 62 6613
651 5 8612
231 51 972
633 75 1875
182 30 582
72 65 3523
187 64 596
721 54 1379
728 55 5643
738 49 7208
374 31 1136
62 11 2608
46 40 6776
372 44 9707
227 0 6359
256 13 8339
559 48 7290
430 48 1656
545 43 8944
163 44 5213
60 8 417
610 5 9529
81 25 8071
100 51 5825
501 1 2204
525 22 349
649 62 7570
679 20 4789
646 20 9353
711 26 124
410 13 2806
9 27 816
483 58 6597
108 25 5337
328 37 3890
20 61 1261
368 3 7322
396 52 7751
88 66 1999
94 35 9079
313 41 4754
798 18 842
452 44 4947
389 53 7479
521 16 5794
532 53 8648
98 13 4225
520 59 2103
24 43 6170
57 44 8698
286 61 7687
187 73 1600
771 20 7105
158 18 848
463 48 7615
337 66 8871
39 34 1539
557 74 115
667 13 6260
549 42 3084
660 26 4786
442 8 1928
760 71 5571
301 7 8337
752 49 7820
339 58 5078
439 11 8651
319 44 8291
786 37 1416
777 17 750
38 12 5118
615 47 4610
29 14 4785
651 73 3693
196 62 5912
291 10 2577
458 30 733
386 43 8412
14 46 7408
60 71 5700
37 77 2307
505 48 2571
596 60 89
602 60 3734
643 21 3566
153 69 5672
388 49 6738
762 13 4114
758 17 7687
13 14 9696
569 71 2230
6 22 6026
348 41 5441
3 74 9842
601 55 2025
735 34 1472
268 54 8881
564 9 5720
414 37 7219
219 1 3327
291 62 29
183 31 3232
35 45 2251
8 55 7936
97 23 3470
453 23 1530
296 71 7593
213 74 3780
615 33 1249
121 35 3238
685 31 5163
450 59 2923
711 20 5600
328 72 3638
798 71 1970
470 20 8200
555 41 5487
505 79 5721
481 1 9106
40 10 3340
126 9 2992
797 47 2449
732 34 8520
706 56 8910
55 61 7758
551 75 4300
329 19 8651
366 8 9848
62 57 2619
490 71 715
173 77 6864
556 6 6577
249 8 4627
234 65 9214
106 21 7057
569 38 8351
543 49 1687
366 30 569
477 23 409
133 3 1490
56 68 5098
81 63 5711
414 53 3792
790 32 2093
750 35 5776
745 56 532
696 58 4266
681 5 7973
74 78 3858
359 77 721
42 18 7644
760 8 8189
529 20 699
615 10 7095
395 32 455
151 78 6202
31 10 5360
14 19 7249
406 44 5998
238 5 7901
13 60 6112
766 6 6676
518 2 2298
233 24 5309
563 21 5975
656 68 897
723 64 5927
247 34 7065
723 4 8286
557 0 202
89 29 1137
685 50 9109
675 21 4883
466 10 3548
213 14 8316
701 69 6902
17 2 5726
582 15 8985
775 30 1081
251 58 2268
459 57 8505
675 28 6799
698 62 1248
229 4 992
717 56 9802
299 55 992
649 63 9701
386 62 778
334 77 6379
500 45 958
654 9 9538
322 7 9059
302 28 1238
291 22 5999
389 68 2734
530 5 4439
701 25 4693
92 12 7396
552 39 3903
480 53 6667
165 70 4550
93 17 4262
434 52 7971
75 70 3552
715 62 6149
161 26 8124
345 49 7075
667 64 7291
734 42 4231
648 73 6507
775 6 4894
480 13 9782
302 55 8797
220 30 8200
426 39 3915
441 22 1536
318 24 8359
744 17 4490
347 66 28
216 63 3964
505 56 9026
626 54 7117
613 54 5353
58 12 2972
426 25 1033
125 74 9482
516 8 151
620 61 5887
710 53 672
57 46 847
197 34 3518
799 70 1415
727 10 3894
15 59 4275
729 32 5456
173 70 8406
711 52 6707
89 39 7114
11 34 3909
364 28 4344
256 8 2126
53 32 3627
469 31 4505
32 59 3516
13 27 2015
253 51 9466
80 78 52
754 9 3154
78 43 9179
560 39 8425
298 12 3961
679 76 889
566 1 4722
777 28 289
584 66 9661
480 55 9938
123 56 2385
117 3 5115
449 59 7230
346 48 3107
109 73 7936
563 64 1185
115 44 781
517 76 6229
182 36 2587
790 16 5465
587 50 4059
224 58 4773
311 1 2701
644 26 4364
779 39 6102
334 62 8783
124 52 4563
411 20 7238
769 8 485
616 61 2998
364 20 9141
349 31 6718
155 20 5786
481 70 5960
581 55 4403
293 3 1271
300 33 7540
124 13 5304
776 40 8914
491 7 4618
14 34 4593
256 47 7033
143 4 5241
195 9 290
4 44 6177
522 18 6
686 43 5223
363 26 4580
450 16 596
239 5 4482
479 56 691
633 23 9905
111 11 6702
711 43 9538
136 24 3634
271 11 2895
259 69 4399
671 69 6261
730 66 6307
240 45 6754
499 20 3818
35 6 8577
545 5 8538
493 54 377
585 44 9498
466 44 2616
789 46 769
156 57 5363
144 56 9828
742 70 1905
46 7 8946
667 28 7206
236 42 3364
264 65 5241
447 30 1940
157 62 6576
316 11 8769
424 78 569
440 63 6707
575 79 3114
516 34 8152
153 24 4673
522 54 2283
263 46 192
588 46 8919
112 21 5518
82 10 619
52 73 7911
25 65 3973
469 61 8952
543 17 6732
652 70 5753
787 42 6448
227 64 745
197 67 501
253 28 6418
367 10 5358
163 22 3522
333 41 7634
312 47 7181
643 50 6331
465 76 2680
687 28 3815
388 67 300
408 8 5707
637 2 9978
248 52 8778
689 22 7967
127 71 6527
27 12 6124
613 78 4150
95 2 9258
437 36 4083
416 11 222
449 46 3147
290 63 6910
333 58 6864
98 62 5965
548 31 9801
31 59 9796
445 64 951
631 42 3732
307 34 4183
688 30 4922
87 17 5321
531 22 4963
523 57 3873
334 1 1428
25 79 4729
686 65 4218
277 8 5315
144 58 1730
775 53 7808
753 47 1093
742 69 4795
771 48 2222
485 51 7481
791 6 6747
557 47 4789
74 50 7958
38 47 5792
476 1 5732
519 58 5266
86 40 8908
425 33 4379
227 21 862
684 33 4493
512 29 3599
710 73 3416
387 76 3736
274 19 4238
114 32 3322
122 68 1493
653 15 4070
419 75 4865
11 71 2923
710 41 8874
767 46 6971
67 17 1679
226 57 3013
749 59 6760
232 22 2817
50 14 6768
212 52 9727
488 20 3912
452 11 1271
319 30 7817
48 32 7626
80 69 5601
663 14 1463
256 8 2896
75 28 3300
532 70 140
336 9 8203
239 31 1577
756 24 5268
441 67 2294
304 20 7216
173 54 9269
342 12 7167
265 39 106
83 39 6675
230 46 1390
156 73 6910
366 63 5169
271 49 8284
157 33 6767
115 55 9277
291 56 119
506 53 604
210 47 4359
98 41 20
576 25 1663
348 55 1200
361 14 5333
390 64 9402
76 31 4368
713 67 2916
103 49 5356
505 14 3502
522 12 5675
571 11 5763
286 75 8180
135 37 3692
252 57 7551
625 71 661
566 74 1404
42 6 5952
713 6 2886
637 14 7300
754 28 9143
750 57 2089
786 51 8423
692 79 6006
563 38 1585
16 36 1308
696 37 1260
400 0 158
202 57 4471
421 13 2060
703 35 1461
134 33 6395
265 15 1474
206 12 3283
599 51 1442
674 78 6848
736 66 2413
309 6 7648
334 14 5135
520 54 930
507 45 573
764 15 9700
331 23 9990
417 13 6527
508 56 8982
127 67 574
712 24 8510
537 21 2845
688 79 7397
41 47 5661
504 29 2158
713 0 3022
337 59 8586
36 61 1173
245 19 1182
397 32 7606
496 51 6468
485 72 215
332 30 4956
96 30 9446
530 75 185
329 71 1039
369 71 6558
240 40 5329
720 17 4812
288 3 2875
690 54 3677
162 75 831
639 20 3599
568 4 3443
780 52 8639
600 52 5677
513 76 5834
448 35 9418
446 2 3694
473 75 283
683 78 4684
408 25 8507
563 25 1243
411 70 2939
650 7 8194
764 45 2640
725 16 1767
576 37 874
736 71 1759
520 70 684
57 57 1162
53 55 4701
242 1 1470
283 25 4120
798 0 9320
297 67 33
534 38 7813
643 67 6826
17 0 3572
148 1 7008
209 0 2978
28 55 7358
178 12 1391
353 63 8989
598 33 2127
153 18 163
798 13 1902
298 0 7979
372 23 4214
463 71 1083
477 28 6621
292 62 62
722 31 1606
24 69 1352
204 76 6815
87 7 8775
383 43 9321
222 71 2640
533 66 2051
290 53 5132
525 52 9091
17 11 3926
539 28 4443
608 72 2620
328 26 6365
471 30 1491
478 6 7153
339 23 8045
12 6 6507
279 79 408
415 69 2243
214 10 1730
649 41 7034
472 65 7806
79 0 5730
82 24 6482
232 66 6827
746 36 6975
583 52 2047
393 54 2025
624 57 1112
18 62 7927
779 1 5769
482 46 3055
8 1 3843
495 33 9693
763 24 8790
223 12 5378
122 60 6032
390 39 9942
788 54 6117
222 75 6587
231 8 4357
349 18 238
20 59 2539
177 42 8837
203 31 645
37 32 5914
556 40 3659
0 2 8462
109 39 7868
657 5 1641
219 27 7200
380 17 8816
548 24 3466
3 55 9504
725 32 657
115 26 9661
357 59 1400
495 48 511
584 11 8422
362 8 2062
508 49 2178
544 20 7404
19 32 4593
225 56 873
43 69 4775
462 60 639
660 5 737
339 18 8412
170 77 638
403 75 652
640 22 2510
424 3 670
68 28 9337
71 9 4965
51 76 9953
349 32 4941
784 57 8794
356 70 307
470 48 7860
638 34 9742
204 78 9348
792 55 2934
60 34 5517
176 3 6960
29 26 2998
498 34 201
449 34 9325
695 27 661
419 4 7554
6 7 6101
452 74 4348
746 20 6115
256 53 9693
423 46 389
325 42 5143
551 1 1951
94 52 1668
559 64 4046
486 51 2615
460 25 8989
3 19 6377
167 60 9343
213 45 5433
782 79 6217
237 37 7137
684 9 3017
93 48 835
150 37 4910
47 31 2801
106 29 1371
740 55 3121
208 7 3558
734 58 9329
106 49 4642
697 37 6174
258 6 9142
479 29 8533
569 52 4202
119 17 5135
350 9 6413
331 15 8015
325 4 6959
214 32 9330
7 21 2122
612 5 1197
676 26 2878
764 43 1859
649 7 2159
3 68 4842
765 31 8962
198 33 6583
581 9 9149
241 44 2137
391 75 4615
386 23 3876
635 69 9608
516 36 3504
709 55 7208
633 20 1675
485 50 3236
263 44 3310
714 39 9062
324 61 277
142 74 5523
627 10 4915
578 65 4928
20 32 9664
315 66 2954
234 71 7551
385 78 8547
191 29 1303
256 20 1449
119 65 7614
144 32 5729
632 42 110
354 76 4487
430 40 8899
20 20 5455
718 65 4673
709 46 595
242 36 988
778 75 3004
100 73 7165
74 29 7002
146 79 3182
731 5 4847
421 75 617
783 59 4491
517 48 9232
330 33 1012
697 4 2851
133 75 2381
109 6 7732
99 71 9309
798 75 947
441 75 5855
644 5 5077
90 73 816
78 9 4044
564 39 8663
737 72 1349
160 72 178
385 54 2829
610 79 6339
774 37 7509
614 57 7445
229 37 4290
365 21 8850
789 51 6248
751 36 1770
754 65 4919
742 33 3900
663 79 8185
287 44 7038
465 51 7204
159 3 8706
502 11 7712
723 63 2485
354 11 1984
633 33 8199
647 2 9228
54 49 6512
675 41 4607
32 70 9188
790 18 6589
128 35 1565
369 22 9700
553 43 1394
227 12 2989
718 27 2970
330 21 5399
332 63 3777
525 23 7899
106 78 2546
534 63 3018
622 66 6428
212 2 1986
100 69 1274
144 20 2862
205 51 111
533 23 3516
65 32 9012
679 11 5736
578 16 7136
270 4 3746
324 18 2959
351 40 1578
781 46 3283
642 66 5279
265 4 8710
14 15 3919
404 42 974
70 64 6646
569 24 3495
548 45 7081
443 30 6895
625 66 9791
139 73 1273
112 63 7298
345 54 4254
259 28 1710
408 61 3177
185 62 167
391 39 2678
674 76 5272
446 4 4202
590 25 415
587 79 9532
787 2 8261
334 35 7543
771 57 5047
746 20 3193
641 74 2000
364 17 101
275 52 1460
578 50 736
551 49 8875
396 59 1087
608 69 4937
292 39 5187
479 69 6825
46 7 1160
531 10 4943
533 47 4024
251 55 5240
639 41 7729
5 2 3776
646 59 9451
625 52 7705
363 21 1450
123 64 5042
630 72 4015
754 61 2752
155 35 4135
780 8 710
677 57 3568
395 72 3129
682 79 1230
693 50 922
569 70 4106
565 74 8785
434 77 9428
364 55 4526
711 12 8842
0 58 2248
130 26 354
203 53 1046
342 44 9979
160 27 2372
190 66 3393
237 0 5831
741 76 7897
671 15 4630
457 41 5862
691 26 6619
347 20 3223
700 25 225
390 1 4964
506 77 9665
230 79 5993
541 60 1783
323 12 5818
161 51 1862
116 54 433
750 5 5425
62 59 7752
579 57 3893
495 41 8595
250 68 274
59 75 7215
206 43 3540
749 66 3233
379 22 4184
508 41 7282
535 38 9782
506 39 5064
604 17 2388
306 3 7574
615 40 2427
269 25 1075
99 73 6528
581 21 1003
523 32 7778
112 34 7784
470 14 3356
290 10 5289
101 43 3228
434 24 4923
226 26 320
24 53 9269
401 3 4710
113 75 312
274 24 2727
176 55 3759
181 70 5102
650 64 2156
42 49 3487
691 59 6163
494 39 1314
171 13 1560
67 70 8781
382 3 4930
362 23 8110
553 51 6695
325 27 5532
300 19 9315
331 55 1313
285 46 2685
483 60 531
125 77 7020
406 4 3342
665 28 3283
264 0 8367
443 69 9617
466 25 7662
400 15 5222
655 58 7757
319 1 9051
787 13 7235
17 0 9783
208 76 3238
318 71 4323
384 74 401
7 72 6824
185 75 5724
215 63 1764
156 30 4796
345 42 2283
774 2 1695
50 74 6476
72 6 6139
451 32 9148
152 29 3896
590 42 9344
177 38 7761
193 21 4096
138 73 6325
367 27 7981
395 32 6626
714 45 2366
244 48 1533
644 12 1831
224 46 8840
292 78 4973
105 0 1837
551 67 6662
461 13 4976
193 59 4006
523 30 9688
352 33 9710
43 71 3023
39 12 3012
376 51 9857
678 6 7396
196 24 2446
601 20 8909
554 64 6125
304 16 7027
494 16 6397
565 75 6520
187 66 3779
512 3 8811
509 54 9191
704 9 8035
458 64 5499
563 8 6254
632 0 1149
789 74 4358
248 3 2992
96 3 5836
522 28 9858
387 54 6560
67 35 7129
688 68 7250
533 31 363
635 75 7923
753 48 7893
710 20 6728
349 75 5221
410 79 8192
339 59 827
444 44 6488
89 19 5793
374 53 2724
368 35 7147
435 13 2591
493 45 272
605 61 968
516 23 6739
183 76 2252
505 72 6186
499 7 7400
539 42 2065
135 60 8538
11 10 8150
517 5 8418
334 11 9640
671 13 3979
219 63 4873
88 6 9893
622 42 9533
0 55 7650
82 75 4327
301 46 3797
209 46 1316
421 33 5283
604 38 1566
8 32 155
324 39 9192
89 0 3209
706 26 214
392 10 7929
483 18 2071
391 17 8858
146 64 4399
607 37 4222
750 62 4739
181 11 4660
495 45 2273
383 64 1831
50 27 9757
615 29 658
53 59 9920
48 0 7494
147 56 1869
476 37 9321
351 7 3020
638 21 8580
209 14 8737
452 40 2717
540 50 4479
292 23 7907
374 61 8455
489 46 4205
683 70 2807
278 20 7351
311 54 3782
201 17 5026
581 78 1038
374 66 9133
122 5 7677
454 70 6659
603 13 4910
582 33 9384
124 50 4918
656 4 5655
235 29 2611
214 59 9629
330 42 7081
32 16 6719
615 73 8939
28 28 9130
704 3 6238
156 30 3585
322 46 9589
587 61 8171
608 13 7808
612 14 9243
266 68 6887
356 8 9850
364 67 7742
543 69 5119
238 14 6027
593 62 8084
89 33 5241
284 45 839
704 72 9331
354 62 2463
471 61 6289
43 72 5537
609 68 4803
708 29 5812
66 48 2392
107 39 8220
623 60 8014
306 50 8265
713 66 5915
654 29 7946
290 34 3973
567 24 8637
511 61 7710
564 9 8014
668 12 2451
301 17 3126
590 37 5452
616 34 410
791 64 9666
186 8 9462
593 34 5105
720 15 6952
790 12 817
465 51 9978
431 59 188
61 52 8558
230 60 4366
689 69 3543
326 11 6586
793 8 4634
323 32 356
338 17 5818
218 53 7637
344 6 3451
332 71 3870
364 35 3974
362 59 5822
606 42 1862
445 0 2962
413 37 6107
768 79 3381
280 27 3102
722 47 837
17 1 5755
755 20 3776
197 45 5982
550 28 8479
621 62 916
251 65 8833
494 48 3963
371 75 356
376 4 3287
212 76 9815
82 9 4345
601 60 6418
356 44 5826
40 70 7982
198 63 8131
598 48 6583
371 52 6504
253 68 9423
349 24 6280
494 50 2106
537 6 1380
585 16 4487
0 68 3248
55 26 3790
567 73 4797
773 42 8707
96 9 2763
648 25 6862
48 31 8252
44 26 1705
787 37 7952
346 66 5406
610 25 3534
249 32 5140
45 37 9961
759 65 611
49 77 4373
432 24 9493
27 32 6362
611 67 1905
359 40 4768
28 68 1043
652 54 4035
583 79 4075
260 17 9855
266 35 7003
716 44 2361
698 68 2626
736 65 8539
555 1 1576
354 1 4913
648 29 5301
434 11 1817
87 47 2634
697 44 6787
572 49 4094
23 41 9570
627 16 8034
207 76 7176
94 16 9117
621 11 2009
127 66 927
232 16 6830
297 43 9338
447 25 8016
252 77 8585
596 64 2410
185 9 4973
576 13 478
229 11 4300
380 58 7611
640 36 1820
602 71 7178
182 32 9497
196 7 227
11 23 6208
413 24 7382
277 70 9173
427 63 1134
585 39 1223
113 62 8129
665 73 3229
142 26 8909
516 14 1732
442 20 1096
760 29 2393
702 7 4936
510 48 9900
247 44 1582
308 12 8623
47 34 2015
497 74 2321
615 34 6166
97 57 9165
194 77 9471
318 59 1305
318 56 6336
34 36 1875
599 5 8015
275 69 7936
422 1 9202
102 71 3147
684 24 3125
698 7 120
336 23 9901
6 13 593
276 28 1049
665 5 8910
234 35 8679
414 66 7781
114 20 5063
716 54 6288
179 77 8004
230 62 3863
768 72 1980
93 62 7272
273 71 2947
458 15 8170
699 40 4285
350 18 3830
723 25 3686
161 20 9298
675 20 5739
326 62 4148
427 58 8710
279 78 7830
726 75 1884
423 3 7593
140 66 6833
565 21 9618
294 12 9110
102 38 8681
110 74 4106
113 41 8237
184 69 5269
467 48 6136
107 47 5462
778 30 9442
115 63 3528
171 8 2589
127 50 5425
198 79 9608
652 37 2469
712 51 2271
417 47 9774
744 71 7752
315 52 1914
94 43 6669
713 25 2309
747 46 8911
427 76 5270
448 49 7730
125 27 7882
180 52 6136
535 78 1177
268 3 9373
535 22 9450
252 76 8804
538 2 9851
636 52 4926
641 37 4581
108 0 1677
504 53 2013
192 39 1147
327 25 8002
209 43 4716
1 26 8137
593 0 6476
14 56 3987
62 47 8374
448 14 3935
742 3 1315
677 23 968
364 14 3891
463 62 3415
204 5 1488
238 61 6451
487 45 8450
307 31 8079
209 22 5817
109 66 5872
395 63 3459
33 7 3880
284 46 5801
154 66 6020
385 50 3324
707 6 2678
747 49 154
101 51 7708
528 14 2440
621 60 5029
593 22 208
400 71 148
421 5 2196
746 44 5456
353 45 7474
203 53 9648
342 79 9002
604 54 6309
354 28 1527
543 36 7
612 50 6648
130 46 3186
285 17 460
519 55 8292
686 59 6049
791 37 581
387 38 5761
254 58 7240
631 74 2578
62 50 1386
428 44 7505
660 19 1664
4 65 736
429 48 6480
687 8 5316
105 64 5094
40 61 8146
780 30 9030
83 77 5340
132 69 2694
383 49 4688
5 36 8186
648 53 6150
307 75 8317
25 17 66
332 0 490
773 47 5797
761 42 7972
368 36 7006
75 53 878
227 66 6032
665 72 2325
688 66 8814
4 15 5840
779 69 8827
375 28 1555
752 75 4966
760 8 5308
551 55 6248
166 13 4564
55 8 9510
617 20 9895
437 45 5289
87 58 1378
180 24 8662
572 73 68
477 11 1022
654 42 9988
13 51 4428
155 23 4258
10 31 8006
773 33 3946
61 10 2058
605 43 3297
30 11 3746
713 12 397
311 38 8796
738 57 142
305 59 9219
685 51 591
375 38 9924
2 9 5619
729 56 5175
469 45 9035
586 25 1733
680 35 7958
612 19 5360
224 10 818
423 44 3002
536 31 3189
632 34 8663
505 63 653
44 12 3038
255 22 1302
242 27 4728
734 9 8126
528 21 9125
602 59 8311
377 42 6065
325 56 4368
412 15 392
374 6 2178
76 9 7554
365 47 8820
322 52 4878
0 31 5407
767 1 1902
442 33 5876
205 52 3481
35 54 4325
705 55 9538
305 25 1112
298 77 5178
365 14 2975
54 44 8823
69 72 8815
315 3 3439
601 42 5712
99 22 7495
733 16 9153
722 63 9156
284 32 5785
611 56 9053
292 79 6647
40 50 1575
43 70 4186
251 76 6810
108 53 8297
397 5 4067
779 9 3942
54 61 2390
641 7 6663
732 37 207
185 2 7781
392 74 3945
771 73 6136
475 34 7722
132 20 2796
556 65 9743
348 35 3871
208 26 4458
570 52 2506
559 33 3778
444 63 8878
196 49 5572
431 48 4045
683 29 4162
721 59 7881
293 57 6292
290 68 4587
710 66 6689
314 58 5189
37 27 8078
740 11 1532
762 22 7152
561 39 467
204 79 131
10 19 6960
201 55 9423
445 15 3249
774 58 7907
344 49 6921
180 55 6679
681 5 6634
71 4 944
70 39 7119
533 59 3460
725 15 654
387 77 4068
31 58 5909
327 17 8543
351 6 1278
393 6 6445
191 68 6001
615 70 4626
133 8 8437
413 0 9038
123 51 5708
552 29 180
376 32 6131
681 55 358
80 53 7889
71 73 9062
140 62 484
453 25 9128
446 73 7958
517 20 4525
599 30 4279
206 51 2729
266 16 6995
769 8 6560
335 65 7542
466 48 1613
757 78 2758
428 63 6333
297 45 5781
428 67 5007
477 51 4426
616 53 7177
530 52 5727
693 4 6209
726 7 8731
251 55 3848
88 16 1281
373 65 1467
698 79 708
152 13 6949
482 67 8549
537 43 5545
39 1 7586
599 26 3530
545 40 3110
17 74 2012
443 74 323
100 7 7218
452 22 1853
163 11 4760
675 53 5875
189 60 2915
777 66 1946
605 68 2976
201 37 7304
369 73 1844
631 36 7336
229 0 2431
298 26 4417
787 57 4313
274 54 1962
455 77 4910
377 3 5683
216 35 2971
730 49 8496
613 27 1515
147 58 6932
423 40 9665
387 74 658
320 45 3451
255 7 3893
296 41 8768
683 33 4242
604 76 8237
634 18 1678
219 60 8557
175 24 9600
559 10 6187
742 6 6204
565 22 5352
310 78 1681
389 50 9653
507 5 3933
159 36 5719
347 77 2645
250 1 5674
392 69 5218
256 49 5481
777 57 7669
14 18 1074
671 78 6208
470 59 5773
322 65 7783
652 79 4524
59 67 2399
284 73 1412
54 73 7982
748 14 7024
463 16 4053
305 48 1187
530 23 8978
97 53 5173
785 45 4238
529 25 7347
678 54 799
780 29 1929
791 41 9761
376 21 1323
630 38 3027
726 39 8633
352 24 8666
95 57 9503
144 34 965
701 52 2699
178 73 5423
185 77 721
560 4 8645
583 9 9958
41 67 8524
726 69 7496
637 6 7040
259 69 3612
17 46 4070
217 44 6669
126 24 8360
598 34 6043
784 52 1220
636 69 8425
679 29 7073
244 17 3919
720 60 127
584 23 6101
387 27 4849
494 49 6738
774 23 6232
322 9 4123
37 17 8529
701 36 4453
508 8 927
203 36 7517
676 42 7302
728 71 6234
744 75 1717
213 42 368
54 57 8083
464 9 8921
293 47 588
145 12 6622
760 73 2181
425 12 898
27 44 667
276 13 3984
316 71 8302
530 78 6277
543 17 1802
365 39 4701
95 72 6106
518 79 2558
248 65 6935
488 72 7655
163 76 9481
448 68 343
115 71 1419
445 15 2919
155 25 1202
644 79 5621
156 16 2407
92 57 1660
245 33 307
177 74 4493
495 3 3541
205 26 9298
153 36 7363
49 32 9065
65 68 2011
227 61 6731
180 69 6541
602 66 4062
682 5 2908
552 45 1551
296 37 9291
241 16 9695
394 44 8383
224 46 5288
107 4 3365
431 64 5475
717 20 3461
399 21 6753
235 49 9557
405 72 3707
320 57 6183
504 47 5291
481 26 8000
323 54 1291
580 5 9919
746 43 7282
62 14 9081
487 57 3151
372 0 5807
181 75 532
318 77 9035
363 51 2386
442 27 8321
534 66 1483
137 3 7494
39 38 4668
207 51 6562
332 41 5672
619 62 2664
754 73 6664
159 60 3931
100 22 6239
430 71 9595
432 62 7799
365 19 4207
357 1 5267
225 48 9327
782 74 2813
350 19 6030
299 10 5640
85 55 8199
26 34 3198
26 43 2705
640 43 9346
659 58 7817
564 46 1039
767 11 252
51 22 7847
672 11 5604
206 66 3426
260 74 6585
486 49 7268
236 77 1021
681 50 3794
152 34 209
306 32 8105
668 54 2391
57 9 268
315 36 3403
127 38 8372
3 9 8878
526 44 8835
86 70 5841
358 2 5194
152 50 7016
365 10 2944
656 4 9740
538 22 2670
513 65 6491
758 33 1189
789 25 6806
297 3 510
483 29 8752
606 7 531
439 1 8547
600 32 3258
569 50 3280
611 7 4334
128 63 8455
780 74 1675
580 77 8824
56 6 8762
730 13 9019
690 20 7295
725 25 2289
780 2 6468
580 18 5502
789 39 5631
383 26 7847
316 32 9977
598 70 4192
439 18 1152
666 53 7790
474 3 1194
588 78 3839
661 1 7579
77 67 6409
546 23 5401
513 40 8853
129 62 5046
497 16 4024
124 12 9032
771 79 8207
362 21 3724
693 47 5362
648 13 5144
110 79 2803
132 74 7096
127 56 2953
574 38 144
164 40 470
49 20 5974
710 14 4494
520 42 8011
591 17 8425
361 41 2922
541 22 6873
762 16 7389
418 9 481
155 54 3617
4 8 1684
683 12 5731
620 75 9141
655 70 8677
404 58 2687
66 28 1602
786 56 6327
431 4 5452
729 6 1821
555 73 2360
127 48 5214
686 33 3607
159 8 5625
262 2 9803
555 28 4783
487 68 5766
478 40 1887
208 21 9078
19 27 6098
385 49 7240
127 47 7667
259 64 2101
341 43 3186
81 54 718
557 11 8018
131 28 841
646 36 1723
620 37 7847
610 67 7210
11 24 2169
489 25 9049
484 23 8926
187 16 6699
384 11 2041
396 70 465
598 22 4544
479 68 2496
221 18 982
440 39 719
628 11 167
220 32 5324
260 8 748
430 73 4319
297 32 9142
304 32 2781
156 17 8927
135 72 1150
272 77 3048
526 6 3929
303 14 1433
773 39 7387
313 16 499
465 49 7847
68 48 3025
438 1 5385
445 16 6660
37 55 8596
633 56 7931
196 66 3700
591 0 2485
417 50 801
654 60 381
394 30 9098
534 15 1567
332 2 6857
798 28 8099
28 16 5769
680 45 150
559 16 7559
60 4 8317
332 0 280
640 26 8121
758 50 8516
376 5 6531
522 55 942
369 11 4174
39 27 3682
759 59 555
30 23 204
615 24 879
295 32 3971
581 28 4726
791 67 4441
716 44 1304
489 24 6829
117 32 8548
723 69 634
149 12 3855
470 16 9311
540 16 4961
646 45 9885
11 24 3766
451 37 3109
566 45 3195
708 40 1735
157 67 5490
519 53 863
66 77 9802
27 13 1904
616 18 7090
471 48 7927
331 67 989
40 58 351
100 12 7468
620 64 1544
87 55 4866
61 72 4095
414 62 6161
468 69 3012
71 29 821
250 17 7427
272 43 3418
282 70 8185
447 31 9382
590 71 5818
302 50 772
287 61 4274
323 53 1040
249 66 8564
323 56 7314
261 60 9506
212 57 1766
631 0 7939
530 2 5043
250 12 1812
69 60 7723
78 61 4115
92 73 2412
752 30 5857
363 31 7053
573 39 1623
354 21 1372
121 76 8836
95 66 2635
545 52 5070
378 66 4644
727 73 1020
223 43 6231
450 76 9340
453 16 1242
279 9 5869
503 69 9957
455 9 7830
580 61 597
680 62 751
212 72 6999
694 43 3992
683 57 2720
605 9 1722
45 7 2763
741 50 6724
33 26 3264
197 77 2135
483 27 6502
11 17 3064
617 44 2953
191 41 883
206 33 3173
499 64 4341
65 3 4100
383 42 8047
702 75 8860
263 59 6470
86 46 6913
580 23 5209
379 16 5043
179 69 8344
472 69 9771
514 34 279
693 22 7714
607 6 5544
77 78 3246
191 5 12
732 24 7807
514 78 8171
440 5 2436
710 78 5497
480 7 1272
150 13 900
285 45 9106
158 64 5420
783 52 5300
406 9 4052
500 64 6531
183 78 9759
488 47 5545
684 69 9836
743 62 6008
490 0 2211
298 58 3242
449 33 178
1 5 9906
600 50 437
166 28 6412
296 48 7474
132 11 3499
3 19 7313
624 76 6826
665 42 8636
129 0 9189
295 53 123
644 5 7545
304 29 2076
495 72 8677
543 58 973
328 11 8034
128 33 4862
325 55 1666
768 66 7972
62 8 7255
297 7 9036
265 75 1765
607 32 7537
170 61 7483
97 2 7781
27 21 4585
314 37 3159
518 16 1826
53 17 3180
176 23 6084
6 65 7248
427 35 1172
269 18 2263
724 10 7550
375 10 8402
295 48 8295
655 59 5836
582 49 3506
715 11 4039
615 29 8392
234 23 150
275 42 9279
557 7 6746
310 12 358
140 21 1135
700 47 3014
625 28 238
638 53 4892
772 62 4523
184 29 5091
213 2 2207
137 51 5396
265 64 8526
27 59 7653
117 76 392
120 47 2430
177 7 5380
258 63 9191
29 34 6276
502 63 5367
145 36 5768
152 39 9089
768 53 5538
333 70 3587
227 38 786
627 59 7942
172 43 1959
218 25 3034
586 5 3299
359 15 9399
318 11 2010
656 47 2271
555 55 7388
762 38 3907
294 6 2017
485 50 8943
231 22 3995
320 32 4367
275 76 6789
567 75 4398
51 5 3822
549 75 787
301 78 404
62 49 5988
675 22 2169
329 64 7469
96 36 5721
502 33 1925
385 46 9680
479 42 3474
85 74 2088
148 24 765
160 61 203
360 75 8774
178 26 1484
668 24 491
471 2 514
256 69 218
474 39 5300
17 2 1498
301 9 3391
23 13 9153
436 49 4785
144 74 1593
799 30 2912
500 57 7213
665 38 1079
64 37 1042
83 66 7195
642 20 1637
24 35 2605
574 76 2038
438 5 584
722 20 3156
574 36 6194
742 9 7706
729 9 2323
695 50 8125
391 5 7745
472 39 5964
108 62 1583
535 13 7237
518 37 1545
124 55 3601
320 38 2321
571 11 1237
321 54 788
42 16 3069
488 8 4141
601 23 7552
260 79 6693
29 34 292
478 51 1124
152 7 3654
172 53 6573
517 43 1452
726 31 7768
462 18 6597
260 64 2002
673 18 6593
131 17 5283
227 25 3441
498 74 7523
729 14 4696
413 29 2334
341 66 6720
33 23 4439
382 57 9001
696 39 7670
607 40 1285
202 35 6030
99 9 755
509 50 8695
59 72 4865
587 3 9202
726 73 4413
690 60 9837
287 5 5765
720 3 8115
287 76 9023
167 71 7221
730 67 9425
581 17 7102
202 1 1486
142 10 4090
279 55 7718
752 19 9604
13 56 5939
766 67 6839
246 61 3205
592 0 1627
394 11 6914
144 61 8141
624 51 6352
773 76 820
710 39 9322
536 58 4757
749 64 1216
458 2 297
64 37 1941
414 2 5437
7 15 8926
445 67 6300
